 Co Density=8.9
 Energy(eV), Delta, Beta
  200.  0.0238076895  0.0118682571
  200.925018  0.0236330684  0.0117277913
  201.854294  0.0234587267  0.011588932
  202.787903  0.0232855808  0.0114517128
  203.725784  0.0231136456  0.0113161234
  204.668045  0.0229428038  0.0111819385
  205.614639  0.0227730665  0.0110491617
  206.565613  0.0226045158  0.0109179607
  207.521011  0.0224371366  0.0107882954
  208.480804  0.0222709421  0.010659717
  209.445053  0.022105908  0.0105326707
  210.413742  0.0219420288  0.0104071395
  211.386917  0.0217785109  0.0102813011
  212.364578  0.0216155443  0.0101555949
  213.346786  0.021453727  0.0100314226
  214.333527  0.0212928951  0.00990875717
  215.324829  0.0211313628  0.00978744123
  216.320724  0.0209710039  0.00966761075
  217.321228  0.0208118074  0.00954924431
  218.326355  0.0206528455  0.00943233073
  219.336121  0.0204944629  0.00931685325
  220.350571  0.0203372445  0.00920278765
  221.36969  0.0201810636  0.00909012929
  222.393539  0.0200251974  0.00897891819
  223.422119  0.0198704936  0.0088690687
  224.455475  0.019716939  0.0087605603
  225.493591  0.0195640754  0.00865335856
  226.536514  0.0194121134  0.008547456
  227.584259  0.019261295  0.00844284706
  228.636856  0.0191115029  0.00833951496
  229.694321  0.0189623553  0.00823741406
  230.756668  0.0188143365  0.00813656393
  231.823914  0.0186674409  0.00803694967
  232.896133  0.0185215101  0.00793857034
  233.973282  0.0183766279  0.00784140453
  235.05542  0.0182328448  0.00774542848
  236.142563  0.0180902053  0.00765042799
  237.234741  0.0179488249  0.00755589874
  238.331955  0.0178085156  0.00746253738
  239.434265  0.0176692717  0.00737032667
  240.541672  0.017530283  0.00727847684
  241.654175  0.0173920915  0.00718750805
  242.771866  0.0172549542  0.00709767453
  243.894699  0.01711859  0.00700875279
  245.02272  0.016982507  0.00692037027
  246.15596  0.016847482  0.00683310209
  247.294449  0.0167135037  0.00674693519
  248.438187  0.016579669  0.00666178437
  249.58725  0.0164466426  0.00657768501
  250.741608  0.016314663  0.00649465108
  251.901291  0.0161834769  0.00641267048
  253.066345  0.0160528012  0.00633173436
  254.236786  0.0159231611  0.00625182129
  255.412674  0.0157945417  0.00617291499
  256.593964  0.0156664699  0.00609497726
  257.780731  0.015539323  0.00601801788
  258.972992  0.0154131884  0.00594202941
  260.170746  0.0152879097  0.00586700207
  261.374054  0.0151633602  0.00579292048
  262.582916  0.0150398109  0.00571977301
  263.797363  0.0149172489  0.0056475536
  265.017456  0.0147957839  0.00557623385
  266.243195  0.0146753043  0.00550581655
  267.474579  0.0145557905  0.00543628866
  268.71167  0.014437044  0.00536712771
  269.954468  0.0143189691  0.00529810088
  271.203003  0.0142018497  0.00522996346
  272.457367  0.0140856653  0.00516269961
  273.717499  0.0139695322  0.00509594847
  274.983459  0.0138542717  0.00503003318
  276.25528  0.01373995  0.00496497145
  277.532959  0.0136261806  0.00490069389
  278.816589  0.0135128777  0.00483717723
  280.10611  0.0134005118  0.00477448571
  281.401642  0.0132890651  0.00471260445
  282.703125  0.0131779276  0.00465147989
  284.010651  0.0130676897  0.00459114462
  285.324219  0.0129583664  0.0045315926
  286.64386  0.0128496764  0.00447281124
  287.969604  0.012741616  0.00441478938
  289.301453  0.0126344571  0.00435752515
  290.639526  0.0125281829  0.00430099806
  291.983734  0.0124225086  0.00424521789
  293.334167  0.0123177189  0.00419016089
  294.690857  0.0122138038  0.00413581729
  296.053833  0.0121105695  0.00408201385
  297.423096  0.0120080411  0.004028772
  298.798706  0.0119063733  0.00397622492
  300.180664  0.0118055418  0.00392434513
  301.569  0.011705284  0.003872887
  302.963776  0.01160587  0.00382210221
  304.365021  0.0115072951  0.00377198239
  305.772736  0.0114091523  0.00372233917
  307.186951  0.0113115646  0.00367322378
  308.607697  0.0112148104  0.00362475705
  310.035034  0.0111188125  0.00357692386
  311.468964  0.011023121  0.00352968508
  312.909546  0.010928249  0.00348307029
  314.35675  0.010834191  0.00343707134
  315.810669  0.0107406527  0.00339168543
  317.271332  0.0106477523  0.00334690046
  318.738708  0.0105556548  0.0033027085
  320.212921  0.0104643162  0.00325910421
  321.693909  0.0103735905  0.00321610109
  323.181763  0.0102836471  0.00317366538
  324.676483  0.0101944832  0.00313179009
  326.178131  0.0101058567  0.00309024239
  327.686737  0.0100178896  0.00304914103
  329.202332  0.00993068423  0.00300858612
  330.724884  0.00984416343  0.00296854088
  332.254517  0.00975809339  0.00292890542
  333.791199  0.009672774  0.00288980082
  335.335022  0.00958819687  0.00285121799
  336.885956  0.00950400345  0.00281302608
  338.444092  0.00942041073  0.0027752982
  340.009399  0.00933755375  0.00273807696
  341.58197  0.00925530866  0.00270134956
  343.161804  0.00917343982  0.00266510062
  344.748962  0.00909229368  0.00262933807
  346.343445  0.00901186466  0.00259405561
  347.945312  0.0089318715  0.00255924161
  349.554565  0.00885250606  0.00252489443
  351.171265  0.00877384655  0.00249100872
  352.795471  0.00869582407  0.0024575768
  354.427185  0.008618352  0.00242459215
  356.066406  0.00854157191  0.00239205034
  357.713257  0.00846547261  0.00235994533
  359.367676  0.00838979054  0.00232802401
  361.029785  0.00831472501  0.00229647942
  362.699585  0.0082403291  0.00226536184
  364.377106  0.00816644821  0.0022346403
  366.062347  0.00809293706  0.00220428826
  367.755402  0.00802008621  0.0021743481
  369.456299  0.00794789009  0.00214481493
  371.16507  0.00787600409  0.00211565592
  372.881714  0.0078047174  0.00208688923
  374.606323  0.00773407426  0.0020585137
  376.338898  0.00766394753  0.00203052396
  378.079498  0.00759426318  0.0020029142
  379.828156  0.0075252112  0.00197567977
  381.584869  0.0074567874  0.00194881589
  383.349701  0.00738876499  0.00192226446
  385.122742  0.0073213377  0.0018960681
  386.903961  0.00725452742  0.00187022961
  388.69339  0.0071881786  0.00184468972
  390.491119  0.00712224049  0.00181942782
  392.29718  0.00705690682  0.00179451215
  394.111572  0.00699217198  0.00176993757
  395.934357  0.00692771422  0.00174561876
  397.765594  0.00686383387  0.00172163011
  399.605286  0.00680054352  0.00169797125
  401.453491  0.00673766015  0.00167462043
  403.310211  0.00667516747  0.00165157509
  405.175537  0.00661325455  0.00162884546
  407.0495  0.00655191485  0.00160642911
  408.932159  0.00649085222  0.00158432103
  410.823486  0.00643036049  0.0015625176
  412.723602  0.00637043081  0.00154101395
  414.632477  0.00631090114  0.00151975162
  416.550171  0.00625178451  0.0014987333
  418.476715  0.00619322201  0.0014780059
  420.412201  0.0061351927  0.00145756302
  422.356598  0.00607741857  0.00143736135
  424.310059  0.00602018507  0.00141743838
  426.272522  0.00596349267  0.00139779283
  428.24408  0.00590712065  0.00137837289
  430.224701  0.00585112255  0.00135918881
  432.214539  0.00579565344  0.00134027132
  434.213531  0.00574067933  0.00132161705
  436.221802  0.0056859157  0.001303219
  438.239349  0.00563167362  0.00128507719
  440.266235  0.00557794841  0.00126718776
  442.302521  0.00552455802  0.00124953617
  444.348206  0.00547156995  0.00123212487
  446.40332  0.00541909039  0.00121495628
  448.467957  0.00536706578  0.00119801611
  450.542175  0.00531524746  0.00118124462
  452.625946  0.00526392926  0.00116470829
  454.71936  0.00521310559  0.00114840351
  456.822449  0.00516253803  0.00113231258
  458.935303  0.00511233881  0.0011164397
  461.057892  0.00506262714  0.00110078952
  463.190308  0.00501333503  0.00108535646
  465.332611  0.00496424083  0.0010701291
  467.484802  0.00491562579  0.00105511595
  469.646942  0.00486748479  0.00104031339
  471.819122  0.00481961342  0.00102571712
  474.001251  0.00477212993  0.0010113254
  476.193573  0.00472511025  0.000997135299
  478.395996  0.00467847148  0.000983111211
  480.608612  0.00463201897  0.000969173212
  482.831421  0.00458602654  0.000955433061
  485.064545  0.00454048673  0.000941887731
  487.308014  0.00449506659  0.000928495429
  489.561829  0.00444998965  0.000915281184
  491.826111  0.0044053602  0.000902254193
  494.100861  0.00436105905  0.000889413117
  496.386108  0.00431689061  0.000876754581
  498.681915  0.00427316595  0.000864276371
  500.988342  0.0042298804  0.000851975754
  503.30542  0.00418670755  0.000839851098
  505.63327  0.00414388767  0.00082789897
  507.971863  0.00410150178  0.000816116983
  510.321228  0.00405940227  0.000804506359
  512.681519  0.0040174243  0.000793067622
  515.052673  0.00397587707  0.000781791983
  517.434814  0.00393475359  0.000770676532
  519.828003  0.00389369018  0.00075975142
  522.232239  0.00385298184  0.000748987135
  524.647644  0.00381269283  0.000738375296
  527.074158  0.00377266575  0.0007279407
  529.511902  0.00373278651  0.000717699411
  531.960938  0.00369332265  0.000707602245
  534.421265  0.0036542681  0.000697647221
  536.893005  0.00361527945  0.00068786199
  539.37616  0.00357665727  0.000678218203
  541.870789  0.00353843928  0.000668709516
  544.377014  0.00350046391  0.000659335637
  546.894775  0.00346266455  0.000650095404
  549.424194  0.00342526427  0.000640984566
  551.965332  0.00338825886  0.000632001378
  554.518188  0.00335121225  0.000622995023
  557.082886  0.00331452978  0.000614106539
  559.659424  0.00327823847  0.000605344772
  562.247864  0.00324203703  0.000596680737
  564.848267  0.00320587377  0.000588108727
  567.460754  0.00317009934  0.000579659303
  570.085266  0.00313471374  0.000571331824
  572.721985  0.00309910183  0.000563212903
  575.37085  0.00306386803  0.000555211387
  578.031982  0.00302901957  0.000547323434
  580.705383  0.00299424981  0.000539561035
  583.391235  0.00295956433  0.000531921629
  586.089417  0.00292526442  0.000524390663
  588.800171  0.00289132702  0.000516966218
  591.523376  0.00285713933  0.000509662088
  594.259216  0.00282333489  0.000502461102
  597.00769  0.00278991112  0.000495361863
  599.76886  0.00275647314  0.000488361693
  602.542847  0.00272309524  0.000481459196
  605.329651  0.00269009778  0.000474654284
  608.129333  0.0026574207  0.000467945763
  610.941956  0.00262438529  0.000461334072
  613.767639  0.00259173242  0.000454815774
  616.606323  0.0025594586  0.000448389706
  619.458191  0.0025270523  0.000442050572
  622.323242  0.00249468442  0.000435799069
  625.201538  0.00246269815  0.000429636013
  628.093079  0.00243097451  0.000423549354
  630.998047  0.00239876495  0.000417468167
  633.916504  0.00236694166  0.000411474204
  636.848328  0.0023355016  0.000405566476
  639.793823  0.00230367808  0.000399660901
  642.75293  0.00227181776  0.000393795519
  645.725708  0.00224034861  0.000388016284
  648.712219  0.00220902194  0.000382308383
  651.712585  0.00217684219  0.000376617332
  654.726746  0.00214506756  0.00037101112
  657.754883  0.00211369293  0.000365488289
  660.797058  0.00208152458  0.000360048667
  663.853333  0.00204922748  0.00035469039
  666.923645  0.00201734854  0.000349411945
  670.00824  0.00198545982  0.000344257656
  673.107056  0.00195239508  0.000339350721
  676.220215  0.00191977003  0.000334513694
  679.347778  0.00188757828  0.000329745497
  682.489746  0.00185419561  0.00032516275
  685.646362  0.00182067137  0.000320685736
  688.817505  0.00178760896  0.000316270598
  692.003357  0.00175430451  0.000311924552
  695.203857  0.00171943672  0.000307662383
  698.41925  0.00168506114  0.000303458364
  701.649475  0.00165117194  0.000299311796
  704.894653  0.00161482987  0.000295104313
  708.154846  0.00157818128  0.000290922646
  711.430115  0.00154206972  0.000286800205
  714.720459  0.00150485453  0.000282705907
  718.026123  0.00146440417  0.000278599968
  721.347046  0.00142457266  0.000274553779
  724.68335  0.00138534931  0.00027056635
  728.035034  0.0013401286  0.000266635529
  731.402283  0.00129421183  0.000262761489
  734.785034  0.00124902558  0.000258943823
  738.183472  0.00119990262  0.000255181571
  741.597595  0.00114282931  0.000251474034
  745.027527  0.00108670327  0.000247820397
  748.473328  0.00103150739  0.000244219758
  750.  0.000998739735  0.000242646405
  750.18811  0.000994269736  0.000242453476
  750.376343  0.000989803695  0.000242260619
  750.564575  0.000985341961  0.000242067967
  750.752869  0.000980884419  0.000241875416
  750.941162  0.0009764313  0.000241683098
  751.129578  0.000971982197  0.000241490881
  751.318054  0.000967537228  0.000241298781
  751.506531  0.000963096682  0.0002411069
  751.695007  0.000958660443  0.000240915178
  751.883545  0.000954228395  0.000240723617
  752.072205  0.000949800306  0.000240532128
  752.260864  0.000945376465  0.000240340829
  752.449585  0.000940956932  0.000240149719
  752.638306  0.000936541823  0.000239958739
  752.827148  0.000932130497  0.000239767876
  753.015991  0.000927723537  0.000239577203
  753.204895  0.000923320826  0.000239386703
  753.393799  0.000918922189  0.000239196321
  753.582825  0.000914527744  0.000239006098
  753.771912  0.000910137314  0.000238815963
  753.960999  0.000905751309  0.000238626046
  754.150085  0.000901369494  0.000238436303
  754.339294  0.000896991754  0.000238246677
  754.528564  0.000892618031  0.000238057182
  754.717834  0.000888248615  0.000237867862
  754.907104  0.000883883506  0.000237678731
  755.096436  0.000879522471  0.000237489716
  755.285889  0.000875165395  0.000237300817
  755.475342  0.000870812684  0.000237112123
  755.664917  0.00086646399  0.00023692353
  755.854431  0.000862119545  0.000236735126
  756.044067  0.000857779058  0.000236546854
  756.233704  0.000853442878  0.000236358741
  756.423462  0.000849103206  0.000236170585
  756.613281  0.000844775175  0.000235982763
  756.80304  0.000840451452  0.000235795116
  756.992859  0.000836131803  0.000235607615
  757.1828  0.000831816054  0.000235420186
  757.372681  0.000827504788  0.000235233019
  757.562744  0.000823197246  0.000235045896
  757.752747  0.00081889407  0.000234858991
  757.94281  0.000814594969  0.000234672218
  758.132996  0.000810299825  0.00023448556
  758.323181  0.000806008931  0.000234299077
  758.513428  0.000801721995  0.000234112755
  758.703674  0.000797439367  0.000233926563
  758.894043  0.000793160696  0.000233740531
  759.084351  0.000788886275  0.000233554674
  759.27478  0.000784615811  0.000233368934
  759.465271  0.000780349365  0.000233183324
  759.655762  0.000776087167  0.000232997903
  759.846375  0.000771828811  0.00023281257
  760.036987  0.000767574704  0.000232627426
  760.2276  0.000763324788  0.000232442457
  760.418335  0.000759078714  0.000232257575
  760.609131  0.000754836656  0.000232072882
  760.799927  0.000750598789  0.000231888291
  760.990784  0.000746365055  0.000231703889
  761.181702  0.000737920345  0.000231519633
  761.372681  0.000727941107  0.000231335493
  761.563599  0.00071797194  0.000231151585
  761.7547  0.00070801226  0.000230967751
  761.94574  0.000698062591  0.000230784106
  762.136902  0.000688122585  0.000230600592
  762.328064  0.000678192417  0.000230417209
  762.519287  0.000668272201  0.000230234014
  762.710632  0.000658361416  0.000230050879
  762.901978  0.000648442423  0.000229867816
  763.093323  0.000638569647  0.000229685189
  763.284729  0.000628688431  0.000229502548
  763.476196  0.000618816877  0.000229320081
  763.667725  0.000608954986  0.000229137688
  763.859314  0.000599084771  0.000228955352
  764.050903  0.000589260657  0.000228773424
  764.242615  0.000579409883  0.000228591365
  764.434326  0.000569586933  0.000228409583
  764.626099  0.00055977382  0.00022822796
  764.817932  0.000549970311  0.000228046469
  765.009827  0.000540176465  0.000227865094
  765.20166  0.000530392514  0.000227683937
  765.393616  0.000520618109  0.000227502911
  765.585693  0.00051085325  0.000227321943
  765.77771  0.000501098169  0.000227141179
  765.969788  0.00049135281  0.000226960605
  766.161926  0.000481616997  0.000226780117
  766.354126  0.000471890817  0.000226599761
  766.546387  0.000462174328  0.000226419565
  766.738708  0.000452467415  0.000226239499
  766.931091  0.000442770106  0.000226059579
  767.123413  0.000433082605  0.000225879892
  767.315918  0.000423404446  0.000225700205
  767.508362  0.000413736096  0.000225520766
  767.700867  0.000404077262  0.000225341457
  767.893494  0.000394427945  0.000225162206
  768.086121  0.000384788262  0.000224983189
  768.278809  0.000375158153  0.000224804273
  768.471558  0.000365537591  0.000224625488
  768.664307  0.000355926604  0.000224446892
  768.857117  0.000346325163  0.000224268399
  769.050049  0.00033673321  0.00022409005
  769.242981  0.000327150832  0.000223911862
  769.435913  0.000317578  0.00022373379
  769.628967  0.000308014685  0.000223555893
  769.82196  0.000298460916  0.000223378171
  770.015076  0.000288916577  0.000223200535
  770.208313  0.000279381726  0.000223022987
  770.401489  0.000269856449  0.000222845672
  770.594727  0.000260340603  0.000222668459
  770.788086  0.000250834244  0.000222491406
  770.981384  0.000241337388  0.000222314513
  771.174805  0.000231849976  0.000222137722
  771.368286  0.000222371978  0.000221961061
  771.561829  0.000212885643  0.000221784401
  771.75531  0.00020344439  0.000221608207
  771.948975  0.000193976928  0.000221431823
  772.142639  0.000184536737  0.000221255745
  772.336304  0.000175105961  0.000221079827
  772.530029  0.000165684585  0.00022090401
  772.723877  0.000156272596  0.000220728325
  772.917664  0.00014687005  0.000220552829
  773.111633  0.000137476847  0.00022037742
  773.305542  0.000128093074  0.000220202186
  773.499573  6.5805034E-05  0.000220027054
  773.693542 -1.25622528E-05  0.000219852111
  773.887634 -9.0850961E-05  0.000219677284
  774.081787 -0.000169061124  0.000219502544
  774.27594 -0.00024719286  0.000219328009
  774.470215 -0.000325246132  0.000219153531
  774.664551 -0.000403220998  0.000218979229
  774.858826 -0.000481117691  0.000218805115
  775.053162 -0.000558936154  0.000218631118
  775.24762 -0.000636676326  0.000218457193
  775.442078 -0.000714338501  0.000218283472
  775.636658 -0.000791922444  0.000218109839
  775.831177 -0.000869428564  0.000217936424
  776.025818 -0.000946856628  0.000217763081
  776.220459 -0.00102420698  0.000217589928
  776.415222 -0.00110147928  0.000217416833
  776.610046 -0.0011786737  0.000217243898
  776.80481 -0.00125579082  0.000217071152
  776.999634 -0.00133283029  0.000216898537
  777.19458 -0.00140979188  0.000216726039
  777.389526 -0.00148667605  0.000216553686
  777.584534 -0.0015634828  0.00021638145
  777.779663 -0.00164021179  0.000216209315
  777.974731 -0.00171686406  0.000216037413
  778.169922 -0.00172493118  0.00126844842
  778.365173 -0.00167778134  0.00173359143
  778.560425 -0.00162248418  0.00173221889
  778.755676 -0.00156724209  0.00173084775
  778.95105 -0.0015120547  0.0017294772
  779.146484 -0.00145692215  0.00172810769
  779.341919 -0.00140184478  0.00172674004
  779.537476 -0.00134671887  0.00172537193
  779.733032 -0.00129175128  0.00172400591
  779.92865 -0.00123683841  0.00172264106
  780.124268 -0.00118198036  0.00172127713
  780.319946 -0.00112717703  0.00171991449
  780.515686 -0.00107242831  0.00171855267
  780.711487 -0.00101773418  0.00171719259
  780.907349 -0.000963094702  0.00171583309
  781.103271 -0.000908509828  0.00171447441
  781.299133 -0.000853979553  0.00171311724
  781.495239 -0.000799503352  0.00171176065
  781.691223 -0.000745081925  0.00171040592
  781.887329 -0.000690714747  0.00170905166
  782.083496 -0.000636401935  0.00170769845
  782.279663 -0.000582143432  0.00170634652
  782.475891 -0.000527939235  0.00170499564
  782.67218 -0.000473789289  0.0017036458
  782.86853 -0.000419693446  0.00170229736
  783.064941 -0.000365651737  0.00170094951
  783.261353 -0.00031166416  0.0016996027
  783.457886 -0.00025773063  0.00169825694
  783.654419 -0.000203851145  0.00169691246
  783.851013 -0.000150025618  0.00169556926
  784.047607 -9.6254058E-05  0.0016942271
  784.244324 -4.2536376E-05  0.00169288553
  784.440979  1.11274439E-05  0.00169154548
  784.637756  6.47374545E-05  0.00169020623
  784.834656  0.000118293676  0.00168886792
  785.031555  0.000171796157  0.00168753101
  785.228516  0.000225244934  0.00168619491
  785.425476  0.000278640073  0.00168485998
  785.622498  0.000331981602  0.00168352597
  785.81958  0.000385269552  0.00168219325
  786.016724  0.000401893893  0.00168086169
  786.213867  0.000409266417  0.0016795313
  786.411072  0.000416631461  0.00167820207
  786.608398  0.000423988968  0.00167687354
  786.805725  0.000431338995  0.00167554629
  787.003113  0.000438695919  0.00167421892
  787.200562  0.000446030986  0.00167289376
  787.397949  0.000453344372  0.0016715707
  787.59552  0.000460678828  0.00167024683
  787.793152  0.000467991456  0.00166892458
  787.990723  0.000475296809  0.00166760338
  788.188416  0.000482594565  0.00166628347
  788.386047  0.000489870727  0.00166496611
  788.583923  0.000497167872  0.00166364666
  788.781677  0.000504443422  0.00166233024
  788.979553  0.000511711463  0.00166101451
  789.17749  0.000518972171  0.00165969972
  789.375427  0.000526225485  0.00165838632
  789.573486  0.000533471233  0.00165707315
  789.771606  0.000540709647  0.00165576139
  789.969727  0.000547940726  0.00165445078
  790.167847  0.000555164414  0.00165314157
  790.366089  0.000562380708  0.00165183295
  790.564392  0.000569589494  0.00165052549
  790.762695  0.000576791062  0.00164921908
  790.96106  0.000583985297  0.00164791336
  791.159485  0.000591172022  0.00164660893
  791.357971  0.000598351413  0.00164530566
  791.556458  0.000605523644  0.00164400344
  791.755005  0.000612688367  0.0016427025
  791.953674  0.000619845698  0.0016414019
  792.152344  0.00062699581  0.00164010283
  792.351013  0.000634138647  0.00163880445
  792.549866  0.000641273858  0.00163750688
  792.748596  0.000648402143  0.00163621129
  792.94751  0.000655522861  0.00163491606
  793.146362  0.000662636478  0.00163362233
  793.345398  0.000669742585  0.00163232908
  793.544434  0.000676841417  0.00163103698
  793.743408  0.000683933205  0.00162974652
  793.942566  0.000691017485  0.00162845594
  794.141724  0.000698094489  0.0016271671
  794.340942  0.000705164275  0.00162587897
  794.540222  0.000712226785  0.00162459223
  794.739502  0.000719282078  0.00162330654
  794.938904  0.000726329978  0.00162202143
  795.138367  0.000733370718  0.00162073749
  795.33783  0.000740418269  0.00161945366
  795.537292  0.000747430488  0.00161817274
  795.736938  0.000754463486  0.00161689089
  795.936523  0.000761475298  0.00161561125
  796.136169  0.000768479949  0.00161433266
  796.335876  0.000775477267  0.00161305466
  796.535706  0.000782467308  0.00161177758
  796.735535  0.000789450249  0.00161050179
  796.935364  0.000796426029  0.00160922715
  797.135254  0.000803394592  0.00160795357
  797.335266  0.000810355879  0.00160668069
  797.535278  0.000817310007  0.00160540908
  797.735352  0.000824256975  0.00160413806
  797.935486  0.000831196841  0.00160286843
  798.13562  0.00083812949  0.00160159986
  798.335815  0.000845054979  0.00160033221
  798.536072  0.000851973367  0.00159906573
  798.73645  0.000855934049  0.00159779971
  798.936829  0.000859290129  0.00159653497
  799.137268  0.000862642599  0.00159527163
  799.337708  0.000865991577  0.00159400923
  799.538269  0.000869336829  0.00159274729
  799.73877  0.000872678764  0.00159148697
  799.939453  0.000876016857  0.00159022713
  800.140076  0.000879351632  0.00158896903
  800.340759  0.000882682798  0.00158771151
  800.541565  0.000886010181  0.00158645457
  800.742371  0.000889334187  0.00158519915
  800.943298  0.000892654469  0.00158394454
  801.144165  0.000895971549  0.0015826911
  801.345154  0.000899284787  0.00158143835
  801.546143  0.000902594591  0.00158018677
  801.747253  0.000905900786  0.00157893589
  801.948425  0.000909203314  0.0015776864
  802.149536  0.000912502583  0.00157643796
  802.35083  0.000915798009  0.00157518999
  802.552063  0.000919090118  0.0015739433
  802.753418  0.00092237856  0.00157269742
  802.954773  0.000925663568  0.00157145306
  803.156189  0.000928945024  0.00157020928
  803.357727  0.000932229974  0.0015689655
  803.559265  0.000935504388  0.00156772381
  803.760742  0.000938768382  0.00156648434
  803.962463  0.000942042621  0.001565243
  804.164062  0.000945299573  0.00156400586
  804.365845  0.000948566885  0.00156276685
  804.567688  0.000951823604  0.0015615297
  804.76947  0.000955077063  0.00156029407
  804.971313  0.000958326971  0.0015590596
  805.173279  0.000961573212  0.00155782548
  805.375305  0.000964815961  0.00155659229
  805.577332  0.000968055276  0.00155536027
  805.779419  0.000971291156  0.0015541293
  805.981567  0.000974523544  0.00155289937
  806.183716  0.000977752497  0.00155167049
  806.385925  0.000980978017  0.00155044254
  806.588257  0.000984199694  0.00154921517
  806.790588  0.000987418229  0.00154798932
  806.992981  0.000990633154  0.00154676405
  807.195435  0.000993844587  0.00154553982
  807.397949  0.000997052528  0.00154431642
  807.600464  0.00100025709  0.00154309429
  807.80304  0.00100345828  0.00154187332
  808.005737  0.00100665574  0.00154065271
  808.208435  0.00100984983  0.00153943326
  808.411072  0.00101304089  0.00153821532
  808.613953  0.00101622788  0.00153699738
  808.816833  0.0010194116  0.00153578108
  809.019714  0.00102259195  0.0015345657
  809.222656  0.00102576881  0.00153335091
  809.425598  0.00102894241  0.00153213774
  809.628723  0.00103211228  0.00153092516
  809.831787  0.0010352789  0.00152971351
  810.034912  0.00103844213  0.00152850267
  810.238098  0.00104160199  0.001527293
  810.441406  0.00104475801  0.00152608391
  810.644775  0.00104791077  0.00152487622
  810.848083  0.00105106027  0.00152366946
  811.051453  0.0010542064  0.00152246363
  811.254944  0.00105734891  0.0015212585
  811.458435  0.00106048805  0.00152005476
  811.662048  0.0010626287  0.00151885045
  811.865601  0.00106459926  0.00151764916
  812.069275  0.00106657203  0.00151644798
  812.27301  0.00106854737  0.00151524681
  812.476807  0.0010705156  0.00151404704
  812.680542  0.0010724772  0.0015128497
  812.88446  0.00107444567  0.00151165144
  813.088318  0.00107640272  0.00151045586
  813.292358  0.00107836677  0.00150925945
  813.496399  0.00108032383  0.00150806445
  813.700378  0.00108227902  0.00150687119
  813.904541  0.00108423166  0.00150567829
  814.108704  0.00108618219  0.00150448666
  814.312927  0.0010881304  0.00150329585
  814.517212  0.00109007629  0.0015021055
  814.721619  0.00109202007  0.00150091643
  814.925903  0.00109396176  0.00149972877
  815.130371  0.00109590113  0.00149854156
  815.334839  0.00109783816  0.00149735552
  815.539429  0.00109977287  0.00149617018
  815.743958  0.00110170583  0.00149498589
  815.948608  0.00110363623  0.00149380241
  816.153259  0.00110556465  0.00149262033
  816.358032  0.00110749051  0.00149143871
  816.562866  0.00110941427  0.00149025815
  816.7677  0.00111133594  0.00148907839
  816.972595  0.00111325539  0.00148789969
  817.177551  0.00111517252  0.00148672203
  817.382568  0.00111708743  0.00148554519
  817.587524  0.00111900049  0.00148436963
  817.792664  0.0011209111  0.0014831943
  817.997864  0.00112281926  0.00148202025
  818.203003  0.00112472568  0.00148084736
  818.408325  0.00112662953  0.00147967506
  818.613586  0.00112853153  0.00147850416
  818.81897  0.00113043108  0.00147733383
  819.024353  0.00113232865  0.00147616421
  819.229797  0.00113422389  0.00147499586
  819.435303  0.00113611703  0.00147382845
  819.640869  0.00113800785  0.00147266197
  819.846497  0.00113989657  0.00147149619
  820.052124  0.0011417832  0.00147033134
  820.257874  0.0011436675  0.00146916742
  820.463684  0.00114555412  0.00146800373
  820.669495  0.00114743423  0.0014668419
  820.875305  0.00114930747  0.00146568182
  821.081299  0.00115118758  0.00146452035
  821.287231  0.00115306117  0.00146336143
  821.493286  0.00115493254  0.0014622031
  821.699402  0.00115680147  0.00146104558
  821.905457  0.00115866878  0.00145988911
  822.111633  0.00116053363  0.00145873369
  822.317871  0.00116239616  0.00145757908
  822.52417  0.00116425671  0.00145642529
  822.73053  0.00116611493  0.00145527243
  822.936951  0.00116797106  0.00145412015
  823.143372  0.00116982509  0.00145296927
  823.349854  0.00117167691  0.00145181944
  823.556335  0.00117352686  0.00145067042
  823.763  0.00117537426  0.0014495221
  823.969604  0.00117721991  0.00144837494
  824.176331  0.00117906299  0.00144722802
  824.383118  0.00118090399  0.00144608249
  824.589905  0.00118274312  0.00144493801
  824.796692  0.00118405768  0.00144379423
  825.003662  0.00118531042  0.00144265126
  825.210632  0.00118656177  0.001441509
  825.417664  0.00118781161  0.00144036801
  825.624695  0.00118906004  0.00143922772
  825.831787  0.00119030685  0.00143808825
  826.039001  0.00119155203  0.00143694982
  826.246155  0.00119279581  0.00143581233
  826.453491  0.00119403773  0.00143467577
  826.660767  0.00119527837  0.00143354002
  826.868164  0.00119651738  0.0014324052
  827.075623  0.00119775475  0.00143127108
  827.283142  0.00119899074  0.0014301379
  827.490601  0.00120022532  0.00142900611
  827.698242  0.00120145793  0.00142787467
  827.905823  0.00120268948  0.00142674462
  828.113525  0.00120391918  0.00142561505
  828.321228  0.00120514759  0.0014244864
  828.529114  0.00120637752  0.00142335764
  828.736877  0.00120759942  0.0014222319
  828.944763  0.00120882306  0.00142110628
  829.15271  0.00121004519  0.00141998113
  829.360779  0.00121126906  0.00141885597
  829.568787  0.00121248828  0.00141773315
  829.776855  0.00121370237  0.00141661137
  829.985107  0.00121492171  0.00141548889
  830.193237  0.00121613627  0.00141436874
  830.40155  0.00121734908  0.00141324883
  830.609863  0.00121856062  0.00141213019
  830.818176  0.00121977064  0.00141101237
  831.026611  0.00122097903  0.00140989525
  831.235107  0.00122218591  0.00140877918
  831.443604  0.00122339115  0.0014076638
  831.652161  0.00122459512  0.00140654971
  831.86084  0.00122579734  0.00140543596
  832.069519  0.00122699805  0.00140432315
  832.278198  0.00122819759  0.00140321185
  832.487061  0.00122939516  0.00140210066
  832.695801  0.00123059168  0.00140099123
  832.904785  0.00123178621  0.00139988167
  833.113708  0.00123297947  0.00139877375
  833.322632  0.00123417145  0.00139766652
  833.531738  0.00123536156  0.00139655976
  833.740784  0.00123655051  0.00139545463
  833.950012  0.00123773736  0.00139434938
  834.159241  0.00123892317  0.00139324577
  834.368408  0.00124010758  0.00139214296
  834.577759  0.00124129024  0.00139104063
  834.787109  0.00124247151  0.00138993969
  834.996521  0.00124365126  0.00138883921
  835.205994  0.0012448295  0.0013877399
  835.415466  0.00124600646  0.00138664141
  835.625061  0.00124718156  0.00138554338
  835.834717  0.00124835526  0.00138444663
  836.044373  0.00124952768  0.0013833507
  836.25415  0.00125069823  0.00138225546
  836.463867  0.00125186774  0.00138116151
  836.673706  0.0012530355  0.00138006778
  836.883606  0.00125420187  0.00137897546
  837.093567  0.0012553666  0.0013778836
  837.303589  0.0012565332  0.00137679186
  837.513611  0.00125769177  0.00137570302
  837.723694  0.00125885219  0.00137461408
  837.933838  0.00126001111  0.00137352583
  838.143982  0.00126084604  0.0013724399
  838.354309  0.00126165722  0.00137135363
  838.564575  0.00126246177  0.00137027027
  838.774963  0.00126327085  0.00136918598
  838.985413  0.00126407587  0.0013681032
  839.195862  0.00126487995  0.00136702135
  839.406311  0.00126568298  0.00136594067
  839.617004  0.00126648438  0.00136486033
  839.827515  0.00126728544  0.00136378151
  840.038269  0.00126808463  0.00136270269
  840.249023  0.00126888289  0.00136162504
  840.459717  0.00126968045  0.00136054889
  840.670654  0.00127047638  0.00135947275
  840.88147  0.00127127161  0.00135839789
  841.092468  0.00127206533  0.00135732384
  841.303467  0.00127285812  0.00135625049
  841.514465  0.00127364986  0.00135517819
  841.725586  0.00127444044  0.00135410647
  841.936768  0.00127522973  0.0013530358
  842.147888  0.00127601833  0.00135196617
  842.359192  0.00127680553  0.0013508969
  842.570557  0.00127759145  0.00134982879
  842.781921  0.00127837644  0.00134876138
  842.993347  0.00127916038  0.00134769478
  843.204773  0.00127994327  0.00134662923
  843.416321  0.00128072489  0.00134556461
  843.627869  0.00128150557  0.00134450069
  843.839478  0.0012822852  0.00134343747
  844.051208  0.00128306332  0.0013423753
  844.262939  0.00128384063  0.00134131382
  844.474731  0.00128461688  0.00134025316
  844.686523  0.00128539198  0.00133919343
  844.898438  0.00128616591  0.00133813464
  845.110413  0.00128693879  0.00133707642
  845.322388  0.00128771062  0.00133601914
  845.534485  0.00128848117  0.00133496278
  845.746643  0.00128925324  0.00133390643
  845.958801  0.0012900217  0.00133285171
  846.170959  0.00129078655  0.00133179838
  846.38324  0.00129155279  0.00133074552
  846.595581  0.00129232067  0.00132969255
  846.807983  0.0012930847  0.00132864097
  847.020447  0.00129384757  0.0013275902
  847.232849  0.00129460974  0.0013265406
  847.445374  0.00129537052  0.00132549193
  847.657959  0.00129613036  0.00132444373
  847.870605  0.00129688892  0.00132339646
  848.083313  0.00129764643  0.00132235023
  848.296082  0.0012984029  0.00132130447
  848.50885  0.00129915832  0.00132025965
  848.721741  0.00129991258  0.00131921552
  848.934631  0.0013006659  0.00131817278
  849.147583  0.00130141806  0.00131713029
  849.360657  0.00130216894  0.0013160886
  849.57373  0.00130291888  0.00131504808
  849.786865  0.00130366778  0.00131400826
  850.  0.00130441564  0.00131296925
  851.703735  0.00131012197  0.00130467466
  855.642883  0.00131919957  0.00128525717
  859.600342  0.00132799963  0.00126612873
  863.57605  0.0013365288  0.00124728424
  867.570129  0.00134256366  0.00122843613
  871.582703  0.00134674192  0.00120966509
  875.61377  0.00135073054  0.0011911809
  879.663574  0.0013539209  0.00117294991
  883.732056  0.001351321  0.00115473242
  887.819397  0.00134865451  0.00113679818
  891.925598  0.00134592305  0.00111914217
  896.050842  0.00134044525  0.00110564276
  900.195129  0.00133332505  0.00109466456
  904.358582  0.00132622302  0.0010837951
  908.541321  0.00131980283  0.0010739828
  912.743408  0.00131734076  0.00106992165
  916.964844  0.00131481269  0.00106587599
  921.205933  0.00131221977  0.00106184569
  925.466553  0.00131323526  0.00105782959
  929.746826  0.00131594855  0.00105382851
  934.046936  0.00131850096  0.00104984257
  938.367004  0.00132185302  0.00104463554
  942.70697  0.00132911815  0.00103417621
  947.067078  0.00133613776  0.0010238213
  951.447266  0.00134291674  0.00101357035
  955.847839  0.00134710525  0.00099907082
  960.268677  0.00135015592  0.000983045204
  964.709961  0.00135303696  0.000967276632
  969.171814  0.00135472463  0.000951762777
  973.654297  0.00135294814  0.000936504104
  978.157532  0.0013510898  0.000921489613
  982.68158  0.00134915137  0.000906716159
  987.226501  0.00134606066  0.000892223499
  991.79248  0.00134257169  0.000877976301
  996.379578  0.00133903301  0.000863956579
  1000.98792  0.00133508805  0.000850176613
  1005.61755  0.00133018754  0.000836659747
  1010.26862  0.00132526457  0.000823357841
  1014.9411  0.00132032007  0.000810267462
  1019.63531  0.00131485099  0.000797808403
  1024.3512  0.00130924955  0.000785642711
  1029.08887  0.00130364008  0.000773662701
  1033.84851  0.00129792164  0.000761838222
  1038.63013  0.00129199144  0.000750140345
  1043.43384  0.0012860609  0.000738622271
  1048.25977  0.0012801307  0.000727280334
  1053.10803  0.00127380015  0.000716034439
  1057.97876  0.00126740721  0.000704948732
  1062.87195  0.00126102427  0.000694034563
  1067.78784  0.00125448999  0.000683290069
  1072.72632  0.00124769867  0.000672713039
  1077.68787  0.00124092575  0.000662299513
  1082.67224  0.00123417238  0.00065204734
  1087.67957  0.00122713123  0.000641952967
  1092.71021  0.00122007937  0.000632014882
  1097.76404  0.00121305382  0.000622230116
  1102.84131  0.00120593177  0.000612597854
  1107.94202  0.00119866931  0.000603115594
  1113.06628  0.00119143852  0.000593780191
  1118.21436  0.00118423929  0.000584589085
  1123.38611  0.00117682945  0.000575538026
  1128.58179  0.0011694408  0.000566626724
  1133.80151  0.00116208871  0.000557853607
  1139.04553  0.00115466677  0.00054921722
  1144.3136  0.00114716263  0.000540716399
  1149.60608  0.00113969867  0.000532347069
  1154.9231  0.00113227509  0.000524107309
  1160.26477  0.0011247017  0.000515993568
  1165.63098  0.00111716916  0.000508005847
  1171.02209  0.00110967993  0.000500141818
  1176.43823  0.00110214704  0.000492398918
  1181.87927  0.0010945762  0.00048477549
  1187.34558  0.00108705135  0.000477270165
  1192.83716  0.00107956748  0.000469880935
  1198.354  0.00107198348  0.000462606084
  1203.89648  0.00106444745  0.000455443835
  1209.4646  0.00105695962  0.000448392238
  1215.05847  0.00104945851  0.000441450306
  1220.67822  0.00104195753  0.000434616231
  1226.32385  0.00103450613  0.00042788795
  1231.99573  0.00102709443  0.000421261037
  1237.69385  0.00101962709  0.000414705224
  1243.41821  0.00101221062  0.000408251479
  1249.16907  0.00100484421  0.000401898171
  1254.94666  0.000997464405  0.000395621348
  1260.75073  0.000990094384  0.000389428227
  1266.58179  0.000982775353  0.000383331877
  1272.43982  0.000975491188  0.000377325108
  1278.32495  0.000968143169  0.000371373259
  1284.2373  0.000960847829  0.000365515269
  1290.177  0.000953604758  0.000359749683
  1296.14404  0.000946332351  0.000354075892
  1302.13892  0.000939068268  0.000348491914
  1308.16138  0.000931858027  0.000342996005
  1314.21167  0.00092468498  0.000337586942
  1320.29004  0.000917486497  0.000332262978
  1326.39636  0.000910342496  0.000327023154
  1332.53113  0.000903252221  0.000321865693
  1338.69409  0.000896157871  0.000316788995
  1344.88562  0.000889092102  0.000311792042
  1351.10583  0.000882080407  0.000306873902
  1357.35474  0.000875106722  0.00030203347
  1363.63257  0.000868128671  0.000297269697
  1369.93958  0.000861204811  0.000292580982
  1376.27551  0.000854335143  0.000287966337
  1382.64099  0.000847471354  0.00028342483
  1389.03564  0.000840645109  0.000278955151
  1395.46008  0.000833872647  0.000274555699
  1401.91418  0.00082713872  0.000270225806
  1408.39819  0.000820416491  0.000265964336
  1414.91199  0.000813748222  0.000261770154
  1421.45618  0.000807132921  0.00025764195
  1428.0304  0.00080053421  0.000253578211
  1434.63513  0.000793978514  0.000249578268
  1441.27051  0.000787475612  0.000245641364
  1447.9364  0.000781012699  0.000241765025
  1454.63318  0.00077457336  0.000237946282
  1461.36096  0.000768186408  0.00023418761
  1468.11987  0.000761851436  0.000230488527
  1474.90991  0.000755545683  0.000226840304
  1481.73157  0.000749286672  0.000223248266
  1488.58459  0.000743079116  0.000219713111
  1495.46948  0.000736905378  0.000216220957
  1502.38611  0.000730751897  0.000212760948
  1509.33472  0.000724649173  0.000209356236
  1516.31543  0.000718597032  0.000206006021
  1523.32849  0.000712544541  0.000202704992
  1530.37402  0.000706535298  0.000199456132
  1537.45215  0.000700576522  0.000196259236
  1544.56287  0.000694650866  0.000193113578
  1551.70654  0.00068874954  0.000190017992
  1558.88342  0.000682897866  0.000186972
  1566.09326  0.000677095843  0.000183974917
  1573.33655  0.000671309885  0.000181026393
  1580.61328  0.00066557026  0.000178125192
  1587.92383  0.000659879355  0.000175270441
  1595.26807  0.000654223782  0.00017246147
  1602.64624  0.000648600049  0.000169697494
  1610.05859  0.000643024337  0.000166977698
  1617.50525  0.000637496356  0.000164301615
  1624.98633  0.000631990028  0.000161668286
  1632.50195  0.000626530207  0.000159077186
  1640.05237  0.000621117302  0.000156527632
  1647.6377  0.000615740544  0.000154019261
  1655.25818  0.000610399351  0.000151551401
  1662.9137  0.000605104491  0.000149123167
  1670.60486  0.000599854975  0.000146733801
  1678.33154  0.000594634446  0.000144382517
  1686.09387  0.00058945932  0.000142068908
  1693.89233  0.000584328896  0.000139792231
  1701.72656  0.000579240907  0.000137552022
  1709.59717  0.000574194884  0.000135347524
  1717.50415  0.000569192693  0.000133178342
  1725.44763  0.000564233051  0.000131042034
  1733.42798  0.000559299428  0.000128908563
  1741.44519  0.000554408878  0.000126809828
  1749.49951  0.000549560937  0.00012474526
  1757.59106  0.000544739712  0.000122708123
  1765.71997  0.000539949571  0.000120699871
  1773.88647  0.000535201514  0.000118724463
  1782.09094  0.000530491816  0.000116780517
  1790.33313  0.000525796378  0.00011486197
  1798.61353  0.000521142385  0.000112974929
  1806.93225  0.000516529486  0.000111118876
  1815.28955  0.000511943595  0.000109293294
  1823.6853  0.000507390418  0.000107497741
  1832.12  0.000502877694  0.000105731669
  1840.59375  0.000498402223  0.000103994527
  1849.10645  0.000493951433  0.000102286052
  1857.65881  0.000489540223  0.000100605466
  1866.25037  0.000485168566  9.89526015E-05
  1874.88196  0.000480825722  9.73266142E-05
  1883.55347  0.000476516929  9.57272496E-05
  1892.26489  0.000472246786  9.41541875E-05
  1901.01685  0.000468012091  9.26069624E-05
  1909.80908  0.000463804259  9.10852323E-05
  1918.64221  0.000459634146  8.95884878E-05
  1927.51599  0.000455501577  8.81163724E-05
  1936.43091  0.000451398548  8.66686387E-05
  1945.38708  0.000447329483  8.52446829E-05
  1954.38464  0.000443297089  8.38442065E-05
  1963.42371  0.000439297786  8.24668459E-05
  1972.50464  0.000435324357  8.11124555E-05
  1981.62769  0.000431386841  7.97802932E-05
  1990.79285  0.00042748492  7.84700169E-05
  2000.00037  0.000423619698  7.71890991E-05
