# Magnto-optical constants for Co L edge: delta
# energy (eV)   delta * 1e-3
773.4226269181563  -0.6786158106326337
773.5552807816285  -0.6964992496544884
773.6879346451009  -0.6980713100836198
773.8205885085732  -0.7087052475087088
773.9532423720455  -0.7139020587362257
774.0858962355178  -0.7209112453629327
774.21855009899  -0.7387946843847875
774.3512039624624  -0.7530533726082584
774.4838578259347  -0.7636873100333474
774.6165116894069  -0.7761336228576283
774.7491655528793  -0.7867675602827173
774.8818194163516  -0.8046509993045721
775.0144732798238  -0.8189096875280448
775.1471271432962  -0.8313560003523257
775.2797810067685  -0.8564889409709462
775.4124348702408  -0.8743723799927992
775.5450887337131  -0.8922558190146539
775.6777425971853  -0.9173887596332744
775.8103964606577  -0.9334598232559372
775.94305032413  -0.9640298900721298
776.0757041876022  -0.9873504552915584
776.2083580510746  -1.0124833959101789
776.3410119145469  -1.0358039611296075
776.4736657780192  -1.0736235295425676
776.6063196414915  -1.1005688455603782
776.7389735049638  -1.1347636631749527
776.8716273684361  -1.170770856188721
777.0042812319084  -1.206778049202489
777.1369350953806  -1.2445976176154474
777.269588958853  -1.2824171860284057
777.4022428223253  -1.3274862560381298
777.5348966857975  -1.3689305752494736
777.6675505492699  -1.4230615222551535
777.8002044127422  -1.4699429676640676
777.9328582762145  -1.5276986654681313
778.0655121396868  -1.581829612473813
778.1981660031591  -1.6486471872738306
778.3308198666314  -1.7118400112754681
778.4634737301037  -1.7768452106762975
778.5961275935759  -1.8509122870730828
778.7287814570483  -1.9286041142682517
778.8614353205206  -2.011733067660991
778.9940891839929  -2.1002991472513077
779.1267430474652  -2.203364230035154
779.2593969109375  -2.3064293128189988
779.3920507744098  -2.427618149594757
779.5247046378821  -2.5560564879672825
779.6463040127317  -2.679440201469575
779.7170527399169  -2.7837048564789626
779.8084365125312  -2.9053309329919124
779.9042420805945  -3.0428979025187424
780.0074173077396  -3.1913257736090497
780.0979588336016  -3.3351161379557297
780.1548104893756  -3.4636400170140256
780.2211374211117  -3.587486336833681
780.2653553756024  -3.7200721110644643
780.3316823073386  -3.866754360913932
780.4090637276975  -3.9626700733385345
780.5417175911697  -3.956992632170902
780.6706866251011  -3.861911346725668
780.7517528750009  -3.726440457771016
780.818079806737  -3.597641646943403
780.8844067384732  -3.4434695805271147
780.9507336702094  -3.274798510917295
781.0170606019454  -3.114101893063914
781.0649633859772  -2.993673386151757
781.1010747154779  -2.8703664399315656
781.1591897413801  -2.716468160927592
781.1976172494494  -2.5693372277709337
781.2602593516447  -2.402485208976138
781.3076357314562  -2.2190905561114818
781.3708042378717  -2.047512462109392
781.4181806176831  -1.8631468938523117
781.4908244000609  -1.6703856789403737
781.5603097571178  -1.5273410539055448
781.639270390137  -1.4137950914453956
781.7577113396658  -1.2833484065373817
781.8903652031381  -1.1943016970069493
782.0230190666105  -1.0998178612789449
782.1556729300827  -1.0053340255509386
782.288326793555  -0.9072254390245487
782.4209806570274  -0.8091168524981587
782.5536345204996  -0.7110082659717705
782.6862883839719  -0.6092749286469985
782.8189422474443  -0.5093539667214184
782.9515961109165  -0.4130577555942203
783.0842499743889  -0.3149491690678321
783.2169038378611  -0.22227770873901775
783.3495577013334  -0.1332309992085854
783.4822115648058  -0.04418428967815302
783.614865428278  0.033988167457131624
783.7475192917503  0.10672349839484419
783.8801731552227  0.1740217031349811
784.0128270186949  0.22682090468158833
784.1454808821672  0.27055822923223705
784.2781347456396  0.28892229819420834
784.4107886091118  0.2801007361683103
784.5434424725842  0.27852867573917717
784.6760963360564  0.278768990709235
784.8087501995287  0.2790093056792937
784.9414040630011  0.26293824205663086
785.0740579264733  0.2577414308291157
785.2067117899456  0.25435699500079245
785.339365653418  0.2364735559789377
785.4720195168902  0.23671387094899643
785.6046733803626  0.22789230892309575
785.7373272438349  0.22450787309477427
785.8699811073071  0.21568631106887537
786.0026349707795  0.2141142506397422
786.1352888342517  0.19623081161788747
786.267942697724  0.19465875118875609
786.4005965611964  0.18583718916285719
786.5332504246686  0.18245275333453392
786.665904288141  0.17363119130863502
786.7985581516133  0.17024675548030999
786.9312120150855  0.15236331645845702
787.0638658785579  0.14897888063013198
787.1965197420302  0.13290781700746912
787.3291736055024  0.13133575657833596
787.4618274689748  0.12251419455243884
787.594481332447  0.12094213412330568
787.7271351959193  0.11393294749660043
787.8597890593917  0.11054851166827362
787.9924429228639  0.10897645123914224
788.1250967863363  0.09290538761647937
788.2577506498086  0.08952095178815433
788.3904045132808  0.0843241405606392
788.5230583767532  0.07912732933312405
788.6557122402255  0.06849339190803505
788.7883661036977  0.06692133147890367
788.9210199671701  0.04722551705785705
789.0536738306423  0.04746583202791399
789.1863276941147  0.02777001760686737
789.318981557587  0.026197957177735987
789.4516354210592  0.022813521349410948
789.5842892845316  0.015804334722705704
789.7169431480039  0.014232274293572544
789.8495970114761  0.005410712267675422
789.9822508749485  0.005651027237734141
790.1149047384208  -0.0013581593889728794
790.247558601893  -0.015616847612445639
790.3802124653654  -0.01537653264238692
790.5128663288376  -0.020573343869903837
790.64552019231  -0.02577015509741898
790.7781740557823  -0.03096696632493412
790.9108279192545  -0.03616377755244926
791.0434817827269  -0.03592346258239054
791.1761356461992  -0.055619277003435386
791.3087895096714  -0.057191337432568545
791.4414433731438  -0.07507477645442329
791.5740972366161  -0.07845921228274833
791.7067511000884  -0.08728077430864545
791.8394049635607  -0.09428996093535247
791.9720588270329  -0.09948677216286761
792.1047126905053  -0.11918258658391423
792.2373665539776  -0.12619177321061947
792.3700204174498  -0.13682571063570848
792.5026742809222  -0.15108439885918123
792.6353281443945  -0.17259258867941973
792.7679820078667  -0.19047602770127448
792.9006358713391  -0.21017184212231932
793.0332897348114  -0.23349240734174792
793.1659435982837  -0.2586253479603684
793.298597461756  -0.29282016557494295
793.4312513252282  -0.31976548159275353
793.5639051887006  -0.3467107976105641
793.6965590521729  -0.3863427414227143
793.8292129156451  -0.42597468523486626
793.9618667791175  -0.4692313798454002
794.0945206425898  -0.525174702250272
794.227174506062  -0.5756808984575681
794.3598283695344  -0.6352489716608236
794.4924822330067  -0.6911922940656954
794.625136096479  -0.7543851180673311
794.7577899599513  -0.8103284404722046
794.8904438234235  -0.8662717628770764
795.0230976868959  -0.9167779590843743
795.1557515503682  -0.9564099028965263
795.2884054138405  -0.9833552189143369
795.4210592773128  -0.995801531738616
795.5537131407851  -0.9810622135750275
795.6863670042574  -0.9500115168187175
795.8190208677297  -0.8863380628769626
795.951674731202  -0.8154151073384419
796.0843285946743  -0.740867401001541
796.2169824581466  -0.6518206914711087
796.3496363216188  -0.5573368557431024
796.4822901850912  -0.4592282692167142
796.6149440485635  -0.36111968269032424
796.7475979120358  -0.26482347156312613
796.8802517755081  -0.17940151283107575
797.0129056389804  -0.10304143109498298
797.1455595024527  -0.04299272795161002
797.278213365925  0.006181722796611666
797.4108672293974  0.04266954575049553
797.5435210928696  0.08459449490195503
797.6761749563419  0.11202044085988305
797.8088288198142  0.14125876221700295
797.9414826832865  0.1668723327757391
798.0741365467588  0.196110654132859
798.2067904102311  0.2126623476956393
798.3394442737034  0.2292140412584196
798.4720981371757  0.24214098402281614
798.604752000648  0.25325555138802436
798.7374058641203  0.26074536795484704
798.8700597275927  0.2718599353200535
799.0027135910649  0.2829745026852599
799.1353674545372  0.29227669465127626
799.2680213180095  0.3052036374156728
799.4006751814818  0.30544395238573063
799.5333290449541  0.30568426735578935
799.6659829084264  0.30592458232584807
799.7986367718987  0.3061648972959068
799.931290635371  0.3064052122659646
800.0639444988433  0.30664552723602334
800.1965983623156  0.30688584220608206
800.329252225788  0.3071261571761408
800.4619060892602  0.3073664721461995
800.5945599527325  0.30760678711625733
800.7272138162048  0.30784710208631605
800.8598676796771  0.3026502908588009
800.9925215431495  0.2902039780345218
801.1251754066217  0.2868195422061959
801.257829270094  0.2870598571762546
801.3904831335664  0.2873001721463133
801.5231369970386  0.28029098551960807
801.6557908605109  0.2678446726953254
801.7884447239833  0.26627261226619314
801.9210985874555  0.26651292723625186
802.0537524509278  0.2667532422063106
802.1864063144001  0.25974405557960534
802.3190601778724  0.2563596197512794
802.4517140413448  0.254787559322148
802.584367904817  0.24596599729624913
802.7170217682893  0.24620631226630785
802.8496756317617  0.24644662723636657
802.9823294952339  0.24668694220642529
803.1149833587062  0.2342406293821444
803.2476372221786  0.2254190673562455
803.3802910856508  0.22565938232630423
803.5129449491232  0.22589969729636294
803.6455988125954  0.22614001226642166
803.7782526760677  0.22638032723648038
803.9109065395401  0.2266206422065391
804.0435604030123  0.22686095717659782
804.1762142664846  0.22166414594908268
804.308868129957  0.21646733472156754
804.4415219934292  0.21670764969162448
804.5741758569015  0.2169479646616832
804.7068297203739  0.21718827963174192
804.7842111407327  0.2173284633642769
