# Magnto-optical constants for Co L edge: delta delta
# energy (eV)   delta_delta * 1e-3
773.4017295738049  0.1376798725974313
773.534469297383  0.140707569900695
773.6672090209612  0.14425128717749014
773.7999487445393  0.1508911242954758
773.9326884681174  0.1559829014928662
774.0654281916954  0.15901059879612967
774.1981679152735  0.16255431607292503
774.3309076388517  0.16713007329678375
774.4636473624298  0.17067379057357912
774.5963870860079  0.1737014878768428
774.729126809586  0.17724520515363795
774.8618665331641  0.18285300232456003
774.9946062567423  0.18691273957488708
775.1273459803203  0.19045645685168244
775.2600857038984  0.19348415415494613
775.3928254274765  0.1990919513258682
775.5255651510547  0.20263566860266358
775.6583048746328  0.20514734593239536
775.7910445982109  0.21178718305038102
775.923784321789  0.2173949802213031
776.056524045367  0.22093869749809847
776.1892637689452  0.2255144547219572
776.3220034925233  0.2311222518928795
776.4547432161014  0.23466596916967486
776.5874829396795  0.24130580628766052
776.7202226632576  0.2489776833527093
776.8529623868358  0.25355344057656826
776.9857021104139  0.26174133761514917
777.1184418339919  0.2668331148125398
777.25118155757  0.2776011117187793
777.3839212811482  0.28475696881029666
777.5166610047263  0.29397690579594116
777.6494007283044  0.30577694264924404
777.7821404518825  0.32015707937020554
777.9148801754606  0.3366012959852942
778.0476198990388  0.35717367238863695
778.1803596226168  0.3777460487919795
778.3130993461949  0.3957383253276632
778.445839069773  0.41476264181041067
778.5785787933511  0.43275491834609436
778.7113185169293  0.45126321485530974
778.8440582405074  0.47235161123218394
778.9767979640854  0.49395602758259005
779.1058504731197  0.5217545842414302
779.2164669094349  0.5555828770550753
779.3070670382263  0.5951468520212435
779.3639554911883  0.6292633068964035
779.4303253529773  0.6634928218699472
779.5077568583979  0.7070565964862547
779.5851883638185  0.7547485308908162
779.6515582256075  0.7996080573191136
779.7179280873966  0.8460156436680062
779.7842979491857  0.8908751700963037
779.8396061673432  0.9362564183762933
779.8860650705955  0.9831902880794068
779.9170376727637  1.027758448533699
779.9568595898371  1.0679874797077962
779.9944691781843  1.1090432832151762
780.0608390399733  1.1440984301463706
780.1919985287469  1.1365116739767187
780.2599486253405  1.0980700186951562
780.3078824144104  1.0536675928327313
780.3373801307611  1.0151572977988357
780.3705650616556  0.9790703960144856
780.4037499925502  0.9414354343095407
780.4221860652693  0.9039628811008691
780.4627454252515  0.8590482365170194
780.4885559270583  0.8182693542256377
780.5187910863178  0.7748048873206269
780.5623002179351  0.7336040660453629
780.5807362906543  0.6948930649002152
780.6439456828343  0.6466494737836186
780.6881922573604  0.5962041431430183
780.7503481596707  0.5523841234069946
780.7761586614776  0.5121212610891446
780.8240924505475  0.4730854429514495
780.8646518105297  0.4295124502987826
780.9088983850557  0.38098376527415745
780.9457705304941  0.3394251511443176
780.967893817757  0.305356429134902
781.0200415663056  0.25767141843953545
781.0637613958968  0.2033930680849927
781.1006335413352  0.162092463941919
781.1264440431421  0.12028154170347372
781.1559417594927  0.08280328661664171
781.1743778322119  0.045949957376208106
781.2223116212817  0.005985303286156318
781.240747694001  -0.03303530984311043
781.2813070539831  -0.07846597440049186
781.30711755579  -0.12079291661246883
781.3476769157722  -0.16570756119631835
781.3771746321229  -0.2064883441137535
781.395610704842  -0.24571536523243287
781.4324828502805  -0.2846938794946141
781.465667781175  -0.3286095414488315
781.4922157258906  -0.3755957869756197
781.532037642964  -0.41931583378122794
781.5585855876797  -0.4691328174485332
781.5939828473005  -0.5056852775846938
781.6205307920161  -0.5551484189844345
781.6537157229106  -0.6021602007798423
781.6869006538052  -0.6480662254891099
781.7200855846997  -0.6958520372448149
781.7237727992435  -0.7361034958063442
781.7495833010504  -0.7784304380183207
781.8107910624781  -0.8017860912144437
781.9413184573299  -0.7893656900172703
782.074058180908  -0.755376794302103
782.1957362608546  -0.7214854007034812
782.2842294099066  -0.6920146732427506
782.4722773516423  -0.6719868262037421
782.6050170752204  -0.6632829091916299
782.7377567987985  -0.6561270521001121
782.8704965223766  -0.6520673148497853
783.0032362459548  -0.6485235975729904
783.1359759695329  -0.6454959002697265
783.268715693111  -0.6378240232046777
783.401455416689  -0.6249919464043108
783.5341951402671  -0.6126758895774762
783.6669348638453  -0.6003598327506412
783.7996745874234  -0.585463676056148
783.9324143110015  -0.5721155792822497
784.0651540345796  -0.5572194225877565
784.1978937581578  -0.5454193857344534
784.3306334817358  -0.5300072090664278
784.4633732053139  -0.5176911522395933
784.596112928892  -0.5043430554656949
784.7288526524701  -0.49202699863886035
784.8615923760483  -0.4797109418120258
784.9943320996264  -0.4679109049587227
785.1270718232045  -0.4576589280260148
785.2598115467825  -0.4489550110139018
785.3925512703606  -0.4381870141076625
785.5252909939388  -0.428967077122018
785.6580307175169  -0.4207791800834373
785.790770441095  -0.410011183177198
785.9235101646731  -0.40182328613861684
786.0562498882513  -0.3926033491529728
786.1889896118294  -0.38493147208792355
786.3217293354074  -0.3736474552081519
786.4544690589855  -0.36649159811663456
786.5872087825636  -0.35881972105158577
786.7199485061418  -0.3485677441188775
786.8526882297199  -0.34141188702736014
786.985427953298  -0.33374000996231135
787.118167676876  -0.32710017284432547
787.2509074004541  -0.3178802358586814
787.3836471240323  -0.31124039874069553
787.5163868476104  -0.30460056162270965
787.6491265711885  -0.2984767444782557
787.7818662947666  -0.29183690736027024
787.9146060183448  -0.28364901032168954
788.0473457419229  -0.2790732530978304
788.180085465501  -0.2734654559269083
788.312825189079  -0.2688896987030496
788.4455649126571  -0.2658620013997861
788.5783046362353  -0.2602542042288636
788.7110443598134  -0.25619446697853676
788.8437840833915  -0.253682789648805
788.9765238069696  -0.25117111231907296
789.1092635305477  -0.25072351488346833
789.2420032541258  -0.24769581758020465
789.3747429777039  -0.24776424011813147
789.507482701282  -0.24731664268252684
789.6402224248601  -0.24274088545866812
789.7729621484383  -0.24177726804953115
789.9057018720164  -0.24184569058745797
790.0384415955945  -0.2419141131253848
790.1711813191725  -0.24198253566331185
790.3039210427506  -0.2410189182541751
790.4366607663288  -0.2390232608979752
790.5694004899069  -0.23909168343590204
790.702140213485  -0.23916010597382886
790.8348799370631  -0.2392285285117557
790.9676196606412  -0.23929695104968252
791.1003593842194  -0.23936537358760956
791.2330991077974  -0.2394337961255364
791.3658388313755  -0.23950221866346322
791.4985785549536  -0.23957064120139004
791.6313182785318  -0.23963906373931687
791.7640580021099  -0.2397074862772437
791.896797725688  -0.23977590881517052
792.0295374492661  -0.23984433135309757
792.1622771728441  -0.2399127538910244
792.2950168964223  -0.23998117642895123
792.4277566200004  -0.24004959896687805
792.5604963435785  -0.24011802150480488
792.6932360671566  -0.2401864440427317
792.8259757907347  -0.24025486658065853
792.9587155143129  -0.24032328911858558
793.091455237891  -0.2372955918153219
793.224194961469  -0.23736401435324872
793.3569346850471  -0.23743243689117555
793.4896744086253  -0.23853289937616617
793.6224141322034  -0.24272948170234643
793.7551538557815  -0.25105422381678144
793.8878935793596  -0.2624750857724065
794.0206333029377  -0.27647604759569
794.1533730265159  -0.293573129260164
794.2861127500939  -0.31221827084523324
794.418852473672  -0.33653963213915206
794.5515921972501  -0.35982895348600663
794.6843319208282  -0.3867304146475836
794.8170716444064  -0.4162119756768192
794.9498113679845  -0.4384692570766109
795.0825510915626  -0.44163379945572756
795.2152908151406  -0.4262216227877029
795.3480305387188  -0.3959738718806405
795.4402109023147  -0.3571908845237155
795.5471401240859  -0.3128682849555384
795.657756560401  -0.2667931181034071
795.7636322923026  -0.22363470629661486
795.8789894330312  -0.18609842781154917
796.0117291566094  -0.15984983169935751
796.1444688801874  -0.14288959511073718
796.2772086037655  -0.1264453784956483
796.4099483273436  -0.11258126174821848
796.5426880509217  -0.09768510505372507
796.6754277744999  -0.08485302825335839
796.808167498078  -0.06789279166473827
796.9409072216561  -0.04783643523492742
797.0736469452341  -0.02519997893745818
797.2063866688123  0.004144737015923772
797.3391263923904  0.03452149291636952
797.4718661159685  0.0633501888962198
797.6046058395466  0.08959878500841145
797.7373455631247  0.11068718138528522
797.8700852867029  0.1271313980003741
798.002825010281  0.13996347480074034
798.135564733859  0.14815137183932148
798.2683044574371  0.1501470291955216
798.4010441810152  0.1490465667105314
798.5337839045934  0.14484998438435048
798.6665236281715  0.13446116237578876
798.7992633517496  0.1266524402348861
798.9320030753277  0.11987575804104678
799.0647427989059  0.11413111579427082
799.1974825224839  0.10890249352102677
799.330222246062  0.10264183130071913
799.4629619696401  0.09792922900100653
799.5957016932182  0.09424866664835752
799.7284414167964  0.08902004437511324
799.8611811403745  0.08533948202246422
799.9939208639526  0.0821749396433471
800.1266605875306  0.07901039726422976
800.2594003111087  0.07378177499098548
800.3921400346869  0.06855315271774143
800.524879758265  0.06642065028568767
800.6576194818431  0.06325610790657032
800.7903592054212  0.06163962544804824
800.9230989289994  0.055894983201272286
801.0558386525774  0.0542785007427502
801.1885783761555  0.05162997833716454
801.3213180997336  0.049497475905111
801.4540578233117  0.04633293352599366
801.5867975468899  0.04316839114687632
801.719537270468  0.03793976887363226
801.8522769940461  0.03683930638864186
801.9850167176241  0.034190783983056194
802.1177564412022  0.03257430152453411
802.2504961647804  0.03044179909248057
802.3832358883585  0.029341336607490165
802.5159756119366  0.02411271433424589
802.6487153355147  0.02404429179631906
802.7814550590929  0.0213957693907334
802.914194782671  0.020811326879274894
803.046934506249  0.017646784500157775
803.1796742298271  0.01757836196223095
803.3124139534052  0.016477899477240543
803.4451536769834  0.011249277203996266
803.5778934005615  0.01118085466606944
803.7106331241396  0.009564372207547356
803.8433728477177  0.00485176990783498
803.9761125712957  0.004783347369908153
804.1088522948739  0.004714924831981326
804.241592018452  0.003614462346990921
804.3743317420301  0.0014819599149371587
804.5070714656082  0.00141353737701011
804.6398111891863  0.0013451148390832834
804.7504276255014  0.0012880960574777056
