 Ir Density=22.42
 Energy(eV), Delta, Beta
  200.  0.01303575  0.0174099505
  200.925018  0.0129396301  0.0173869878
  201.854294  0.0128480783  0.0173640624
  202.787903  0.0127571421  0.017341163
  203.725784  0.0126667973  0.0173183046
  204.668045  0.0125796683  0.0172954574
  205.614639  0.0124955289  0.0172726437
  206.565613  0.0124118738  0.0172498617
  207.521011  0.0123289255  0.0172271151
  208.480804  0.0122521427  0.017204456
  209.445053  0.0121757286  0.017181823
  210.413742  0.0120996861  0.0171592217
  211.386917  0.0120279389  0.0171366073
  212.364578  0.0119595276  0.0171139929
  213.346786  0.0118913548  0.0170913972
  214.333527  0.0118244709  0.0170688462
  215.324829  0.0117691699  0.0170463827
  216.320724  0.0117138857  0.017023949
  217.321228  0.0116586294  0.0170015581
  218.326355  0.0116104167  0.0169725083
  219.336121  0.0115666175  0.016939193
  220.350571  0.0115226414  0.0169059448
  221.36969  0.0114782983  0.016871443
  222.393539  0.011432454  0.0168282054
  223.422119  0.0113864839  0.0167850871
  224.455475  0.0113403918  0.0167420693
  225.493591  0.0112950029  0.016699193
  226.536514  0.0112499194  0.0166564342
  227.584259  0.0112047186  0.0166138019
  228.636856  0.0111601138  0.0165712591
  229.694321  0.0111187538  0.0165288243
  230.756668  0.0110772122  0.0164864939
  231.823914  0.0110354973  0.0164442789
  232.896133  0.0109978756  0.0164021589
  233.973282  0.0109618427  0.0163601469
  235.05542  0.0109255435  0.0163182411
  236.142563  0.0108908098  0.0162764527
  237.234741  0.0108621651  0.0162347965
  238.331955  0.0108331293  0.0161932465
  239.434265  0.0108037153  0.0161518138
  240.541672  0.0107824272  0.0161104463
  241.654175  0.0107635157  0.0160691794
  242.771866  0.0107440371  0.0160280112
  243.894699  0.0107331229  0.0159829054
  245.02272  0.0107463617  0.0159268118
  246.15596  0.0107584521  0.0158709157
  247.294449  0.0107694129  0.0158152152
  248.438187  0.0107706925  0.015730245
  249.58725  0.0107687796  0.015637923
  250.741608  0.0107659847  0.0155461393
  251.901291  0.0107565094  0.0154548949
  253.066345  0.010733624  0.015364184
  254.236786  0.0107102534  0.0152740087
  255.412674  0.0106864031  0.0151843559
  256.593964  0.0106592225  0.0150952544
  257.780731  0.0106310779  0.0150066717
  258.972992  0.0106025487  0.0149186077
  260.170746  0.0105729196  0.0148310577
  261.374054  0.0105416402  0.0147440024
  262.582916  0.0105100516  0.0146574657
  263.797363  0.0104781399  0.0145714274
  265.017456  0.0104452055  0.0144858975
  266.243195  0.0104118865  0.0144008622
  267.474579  0.0103782993  0.0143163241
  268.71167  0.0103449272  0.0142320534
  269.954468  0.0103119854  0.0141479271
  271.203003  0.0102787791  0.0140643036
  272.457367  0.0102453073  0.0139811682
  273.717499  0.0102110617  0.0138966003
  274.983459  0.0101765329  0.0138123836
  276.25528  0.0101417759  0.0137286829
  277.532959  0.0101065189  0.0136454767
  278.816589  0.0100707114  0.0135627547
  280.10611  0.0100347111  0.0134805422
  281.401642  0.00999851897  0.0133988243
  282.703125  0.00996340998  0.0133176018
  284.010651  0.00992813427  0.0132368719
  285.324219  0.00989266764  0.0131566301
  286.64386  0.00985847227  0.0130752707
  287.969604  0.00982554816  0.0129927956
  289.301453  0.00979238842  0.0129108373
  290.639526  0.00975897536  0.0128293131
  291.983734  0.00972322468  0.0127438726
  293.334167  0.00968730543  0.0126589984
  294.690857  0.00965122599  0.0125746904
  296.053833  0.00961320475  0.0124909403
  297.423096  0.00957356766  0.0124077471
  298.798706  0.00953384954  0.0123251062
  300.180664  0.00949396472  0.0122430185
  301.569  0.00945274625  0.0121614905
  302.963776  0.00941148214  0.0120805046
  304.365021  0.00937018171  0.0120000588
  305.772736  0.00932784472  0.0119201373
  307.186951  0.00928480178  0.0118407477
  308.607697  0.00924176257  0.011761887
  310.035034  0.00919825491  0.0116835488
  311.468964  0.00915095303  0.0116057368
  312.909546  0.00910374336  0.0115284417
  314.35675  0.00905663054  0.0114516644
  315.810669  0.00901008118  0.0113812452
  317.271332  0.00896389596  0.0113146408
  318.738708  0.00891779736  0.0112484228
  320.212921  0.00887239818  0.0111827441
  321.693909  0.00883036945  0.0111183003
  323.181763  0.00878836308  0.0110542234
  324.676483  0.00874638464  0.01099052
  326.178131  0.00870656036  0.0109271873
  327.686737  0.00866772607  0.0108642252
  329.202332  0.00862887036  0.0108016245
  330.724884  0.00859044958  0.010739387
  332.254517  0.00855377782  0.0106775062
  333.791199  0.00851705205  0.0106159775
  335.335022  0.00848027691  0.0105548026
  336.885956  0.00844506361  0.0104939817
  338.444092  0.00841038581  0.0104335099
  340.009399  0.00837563165  0.0103733884
  341.58197  0.00834141299  0.0103136096
  343.161804  0.0083089415  0.0102541735
  344.748962  0.0082763629  0.0101950755
  346.343445  0.00824368  0.0101363221
  347.945312  0.00821321085  0.0100779096
  349.554565  0.0081832828  0.0100198323
  351.171265  0.00815321226  0.00996209122
  352.795471  0.00812467933  0.00990468264
  354.427185  0.00809999183  0.00984761119
  356.066406  0.00807507616  0.00979087036
  357.713257  0.00804993138  0.00973445456
  359.367676  0.00802667439  0.00967122987
  361.029785  0.0080036344  0.00960681681
  362.699585  0.00798033923  0.00954282936
  364.377106  0.00795607269  0.00947826821
  366.062347  0.00793016423  0.00941219367
  367.755402  0.00790405925  0.00934657734
  369.456299  0.00787776522  0.00928142015
  371.16507  0.007849616  0.00921671465
  372.881714  0.00782105513  0.00915246271
  374.606323  0.00779235736  0.0090886578
  376.338898  0.00776353851  0.00902529527
  378.079498  0.00773461116  0.00896236952
  379.828156  0.00770555995  0.0088998815
  381.584869  0.00767639093  0.00883783028
  383.349701  0.00764746359  0.00877622236
  385.122742  0.00761845754  0.00871504471
  386.903961  0.00758933602  0.00865429174
  388.69339  0.00756040635  0.00859396253
  390.491119  0.007531757  0.00853404868
  392.29718  0.00750299636  0.00847455207
  394.111572  0.00747412909  0.00841547363
  395.934357  0.00744609395  0.00835679471
  397.765594  0.00741798664  0.00829852559
  399.605286  0.00738976942  0.00824066252
  401.453491  0.00736209378  0.00818321109
  403.310211  0.00733499974  0.00812616572
  405.175537  0.00730779069  0.00806952175
  407.0495  0.00728045776  0.008013268
  408.932159  0.00725492835  0.00795740541
  410.823486  0.00722925784  0.00790193211
  412.723602  0.0072034453  0.00784684345
  414.632477  0.00717942836  0.00779213617
  416.550171  0.00715699885  0.00773780746
  418.476715  0.00713437563  0.00768385874
  420.412201  0.00711175054  0.00763001479
  422.356598  0.00709293829  0.00757081341
  424.310059  0.00707387365  0.00751206791
  426.272522  0.00705455756  0.00745377876
  428.24408  0.00703370152  0.0073924358
  430.224701  0.00701165665  0.00732895127
  432.214539  0.00698942132  0.00726600876
  434.213531  0.00696662301  0.00720360735
  436.221802  0.00693986425  0.00714174099
  438.239349  0.00691300863  0.00708040548
  440.266235  0.00688606128  0.00701959711
  442.302521  0.00685847551  0.0069593084
  444.348206  0.00683046971  0.00689953798
  446.40332  0.00680240011  0.00684028026
  448.467957  0.00677418197  0.00678153289
  450.542175  0.00674536452  0.00672328705
  452.625946  0.00671650656  0.00666554132
  454.71936  0.00668760855  0.00660829339
  456.822449  0.0066584223  0.00655153487
  458.935303  0.00662907632  0.00649526156
  461.057892  0.00659970939  0.00643947348
  463.190308  0.00657028845  0.00638416503
  465.332611  0.00654070592  0.00632933574
  467.484802  0.00651110988  0.0062749791
  469.646942  0.006481505  0.00622108812
  471.819122  0.00645185169  0.00616765721
  474.001251  0.00642218208  0.00611468824
  476.193573  0.00639251014  0.00606217002
  478.395996  0.00636285823  0.00601010351
  480.608612  0.00633326499  0.00595848402
  482.831421  0.00630368013  0.00590730878
  485.064545  0.00627410319  0.00585657265
  487.308014  0.0062446529  0.00580627052
  489.561829  0.00621525338  0.00575640099
  491.826111  0.00618586875  0.00570695847
  494.100861  0.00615656981  0.0056579425
  496.386108  0.00612747995  0.00560935028
  498.681915  0.00609840546  0.00556117576
  500.988342  0.00606934819  0.00551341521
  503.30542  0.00604060525  0.00546606397
  505.63327  0.00601195078  0.00541911647
  507.971863  0.00598331401  0.00537257409
  510.321228  0.00595485512  0.00532643264
  512.681519  0.00592674594  0.00528069073
  515.052673  0.00589865074  0.00523534091
  517.434814  0.00587057043  0.00519038085
  519.828003  0.00584306102  0.0051458017
  522.232239  0.00581566337  0.00510160299
  524.647644  0.00578827644  0.00505778519
  527.074158  0.00576122012  0.00501434552
  529.511902  0.00573471887  0.00497128069
  531.960938  0.00570821948  0.00492858514
  534.421265  0.00568172196  0.004886257
  536.893005  0.00565626379  0.00484429114
  539.37616  0.00563092157  0.00480268523
  541.870789  0.00560556632  0.00476143742
  544.377014  0.00558146648  0.00472054211
  546.894775  0.00555913337  0.00467999745
  549.424194  0.00553673878  0.0046398025
  551.965332  0.00551428692  0.00459995214
  554.518188  0.00549484836  0.00455807149
  557.082886  0.0054755169  0.00451640505
  559.659424  0.00545607693  0.00447512092
  562.247864  0.0054360684  0.0044301888
  564.848267  0.00541541958  0.00438096747
  567.460754  0.005394693  0.0043322891
  570.085266  0.00537388865  0.00428415509
  572.721985  0.0053486973  0.00423655426
  575.37085  0.00532342726  0.00418948382
  578.031982  0.00529816933  0.00414293539
  580.705383  0.00527204527  0.00409690337
  583.391235  0.0052450872  0.00405137939
  586.089417  0.00521818129  0.00400636159
  588.800171  0.00519129867  0.00396184251
  591.523376  0.00516335759  0.00391782448
  594.259216  0.00513548963  0.00387429353
  597.00769  0.00510769943  0.00383124663
  599.76886  0.00507951761  0.00378867681
  602.542847  0.00505103823  0.00374657847
  605.329651  0.00502265338  0.00370494765
  608.129333  0.00499431649  0.0036637797
  610.941956  0.00496545853  0.00362307345
  613.767639  0.00493670907  0.00358282006
  616.606323  0.0049080695  0.00354301371
  619.458191  0.00487921247  0.00350364624
  622.323242  0.00485024834  0.00346471742
  625.201538  0.00482140481  0.0034262205
  628.093079  0.00479262974  0.00338815246
  630.998047  0.00476358179  0.00335050724
  633.916504  0.00473466143  0.00331327925
  636.848328  0.00470587332  0.00327646662
  639.793823  0.00467696553  0.00324006169
  642.75293  0.00464805495  0.00320405979
  645.725708  0.00461928081  0.00316845905
  648.712219  0.00459059142  0.00313325319
  651.712585  0.00456176512  0.00309844036
  654.726746  0.00453308271  0.00306401495
  657.754883  0.0045045414  0.00302997278
  660.797058  0.00447595445  0.00299630617
  663.853333  0.00444742572  0.00296301325
  666.923645  0.00441904552  0.00293009123
  670.00824  0.00439075939  0.00289753429
  673.107056  0.00436242856  0.00286533893
  676.220215  0.00433424767  0.00283350027
  679.347778  0.00430621719  0.00280201552
  682.489746  0.00427818764  0.00277088163
  685.646362  0.00425025634  0.00274009141
  688.817505  0.00422247732  0.00270964485
  692.003357  0.00419480586  0.00267953728
  695.203857  0.00416716142  0.00264976639
  698.41925  0.00413967017  0.00262032473
  701.649475  0.00411233213  0.00259121112
  704.894653  0.00408503599  0.00256242114
  708.154846  0.00405786233  0.00253395084
  711.430115  0.0040308428  0.0025057965
  714.720459  0.00400394388  0.00247795531
  718.026123  0.00397712039  0.00245042075
  721.347046  0.00395045057  0.00242319191
  724.68335  0.00392393488  0.00239626598
  728.035034  0.00389750232  0.00236964133
  731.402283  0.00387120852  0.00234331354
  734.785034  0.00384506909  0.00231727841
  738.183472  0.00381906284  0.0022915313
  741.597595  0.00379317254  0.00226606894
  745.027527  0.00376743521  0.00224088971
  748.473328  0.00374185224  0.00221598917
  751.935059  0.00371639151  0.00219136709
  755.412842  0.00369107793  0.00216701883
  758.906677  0.00366591639  0.00214294111
  762.416626  0.00364090735  0.00211913139
  765.942871  0.00361604919  0.00209558639
  769.485352  0.00359134143  0.00207230309
  773.044312  0.00356678176  0.00204927824
  776.61969  0.00354240811  0.00202650786
  780.211609  0.00351818511  0.00200399058
  783.820129  0.00349410903  0.00198172289
  787.445374  0.00347021455  0.0019597041
  791.087341  0.00344651239  0.00193793059
  794.746155  0.00342295249  0.00191639899
  798.421936  0.00339953415  0.0018951064
  802.114685  0.00337640522  0.00187404966
  805.824463  0.00335342088  0.00185322657
  809.551453  0.00333057367  0.00183263514
  813.295654  0.00330798212  0.00181227212
  817.057251  0.0032856504  0.0017921346
  820.836182  0.00326344999  0.00177222106
  824.632568  0.00324138324  0.00175252906
  828.446594  0.00321983523  0.00173305685
  832.278137  0.00319841015  0.00171380187
  836.127563  0.00317710545  0.00169476005
  839.994629  0.00315618771  0.00167592999
  843.8797  0.00313561875  0.00165730878
  847.782715  0.00311516132  0.00163889444
  851.703735  0.00309506617  0.00162068487
  855.642883  0.0030796628  0.00160267774
  859.600342  0.00306428084  0.00158487016
  863.57605  0.00304892263  0.0015672599
  867.570129  0.00303366827  0.00154142303
  871.582703  0.00301849586  0.0015099009
  875.61377  0.0030033465  0.00147902383
  879.663574  0.00298686884  0.00144988869
  883.732056  0.00295800925  0.0014314797
  887.819397  0.00292942766  0.00141330413
  891.925598  0.00290112197  0.00139535929
  896.050842  0.00287596183  0.00137763703
  900.195129  0.00285276445  0.00136013667
  904.358582  0.00282975123  0.00134285796
  908.541321  0.00280702696  0.00132579822
  912.743408  0.00278512225  0.00130895199
  916.964844  0.00276338356  0.00129231974
  921.205933  0.00274180877  0.00127589877
  925.466553  0.00272053154  0.00125939189
  929.746826  0.00269948086  0.001242953
  934.046936  0.0026785871  0.00122672867
  938.367004  0.00265780743  0.0012106942
  942.70697  0.00263700774  0.00119477906
  947.067078  0.00261636521  0.00117907277
  951.447266  0.00259588007  0.001163573
  955.847839  0.00257542217  0.00114820816
  960.268677  0.00255506975  0.00113301957
  964.709961  0.00253487402  0.00111803215
  969.171814  0.00251479703  0.00110324123
  973.654297  0.00249475846  0.00108864135
  978.157532  0.00247487519  0.00107423496
  982.68158  0.00245514675  0.00106001878
  987.226501  0.00243550004  0.00104596058
  991.79248  0.00241598394  0.0010320791
  996.379578  0.00239662104  0.00101838168
  1000.98792  0.00237739575  0.00100485398
  1005.61755  0.00235828501  0.000991476933
  1010.26862  0.00233932468  0.000978277763
  1014.9411  0.00232051406  0.000965254381
  1019.63531  0.00230175513  0.000952138798
  1024.3512  0.00228312146  0.000939137652
  1029.08887  0.0022646361  0.000926314096
  1033.84851  0.00224619522  0.000913650903
  1038.63013  0.00222769333  0.000901130901
  1043.43384  0.00220934185  0.000888782437
  1048.25977  0.00219113939  0.000876602775
  1053.10803  0.00217290292  0.000864551519
  1057.97876  0.00215478404  0.000852658821
  1062.87195  0.00213681511  0.000840929977
  1067.78784  0.002118923  0.000829360099
  1072.72632  0.0021010607  0.000817946449
  1077.68787  0.00208334695  0.000806689495
  1082.67224  0.00206578197  0.000795587723
  1087.67957  0.00204821955  0.000784633856
  1092.71021  0.00203078822  0.000773830048
  1097.76404  0.00201350451  0.000763174728
  1102.84131  0.00199630484  0.000752664637
  1107.94202  0.00197916571  0.000742296572
  1113.06628  0.00196217303  0.000732071465
  1118.21436  0.00194532494  0.000721987279
  1123.38611  0.00192849559  0.000712041743
  1128.58179  0.0019118035  0.000702233287
  1133.80151  0.00189525541  0.000692560046
  1139.04553  0.00187879277  0.000683018414
  1144.3136  0.00186240894  0.000673606992
  1149.60608  0.00184616726  0.000664325256
  1154.9231  0.00183006667  0.000655171287
  1160.26477  0.00181398902  0.000646136468
  1165.63098  0.00179805118  0.000637226854
  1171.02209  0.0017822528  0.000628439768
  1176.43823  0.00176653697  0.000619773054
  1181.87927  0.00175090623  0.00061122491
  1187.34558  0.00173541368  0.000602794753
  1192.83716  0.00172005442  0.000594480662
  1198.354  0.00170473487  0.000586278271
  1203.89648  0.00168955105  0.000578188745
  1209.4646  0.00167450251  0.000570210745
  1215.05847  0.00165953918  0.000562339905
  1220.67822  0.00164467073  0.000554575527
  1226.32385  0.00162993569  0.000546918425
  1231.99573  0.00161532545  0.000539363944
  1237.69385  0.0016007683  0.000531876925
  1243.41821  0.00158634246  0.000524493924
  1249.16907  0.00157204655  0.000517213368
  1254.94666  0.00155782048  0.000510008424
  1260.75073  0.00154368533  0.000502887415
  1266.58179  0.001529678  0.000495865592
  1272.43982  0.00151578011  0.000488935097
  1278.32495  0.00150188373  0.000482056232
  1284.2373  0.00148811471  0.000475274079
  1290.177  0.00147447188  0.000468587328
  1296.14404  0.00146086514  0.000461991091
  1302.13892  0.00144733489  0.00045548557
  1308.16138  0.00143393013  0.000449071609
  1314.21167  0.00142062875  0.0004427479
  1320.29004  0.0014073489  0.000436511997
  1326.39636  0.0013941935  0.000430364016
  1332.53113  0.00138116081  0.000424302503
  1338.69409  0.00136816932  0.000418325042
  1344.88562  0.00135526445  0.000412431371
  1351.10583  0.001342481  0.000406620558
  1357.35474  0.00132979359  0.000400890975
  1363.63257  0.00131713646  0.000395239593
  1369.93958  0.00130459946  0.000389667694
  1376.27551  0.0012921819  0.000384174578
  1382.64099  0.00127979729  0.000378757599
  1389.03564  0.00126750174  0.000373416697
  1395.46008  0.00125532376  0.000368150737
  1401.91418  0.00124323228  0.000362959137
  1408.39819  0.00123117189  0.000357840036
  1414.91199  0.00121922849  0.000352793286
  1421.45618  0.00120740011  0.00034781752
  1428.0304  0.0011955977  0.000342909363
  1434.63513  0.00118388562  0.000338069513
  1441.27051  0.00117228774  0.000333298085
  1447.9364  0.00116076763  0.000328591734
  1454.63318  0.00114928058  0.000323946733
  1461.36096  0.00113790634  0.000319367187
  1468.11987  0.0011266442  0.000314852659
  1474.90991  0.00111539115  0.00031039372
  1481.73157  0.00110422855  0.000305996131
  1488.58459  0.00109317701  0.000301660941
  1495.46948  0.00108218798  0.000297375547
  1502.38611  0.00107122248  0.00029313023
  1509.33472  0.0010603671  0.000288945535
  1516.31543  0.0010496208  0.000284820591
  1523.32849  0.00103883853  0.00028075109
  1530.37402  0.0010281452  0.000276739331
  1537.45215  0.00101756072  0.000272784673
  1544.56287  0.00100702106  0.000268886884
  1551.70654  0.000996494433  0.000265044859
  1558.88342  0.000986076077  0.000261257694
  1566.09326  0.000975765346  0.000257524691
  1573.33655  0.000965407758  0.000253840117
  1580.61328  0.000955145108  0.000250207871
  1587.92383  0.000944989326  0.000246627518
  1595.26807  0.000934859505  0.000243098111
  1602.64624  0.000924736029  0.000239618705
  1610.05859  0.000914719421  0.000236188964
  1617.50525  0.000904809043  0.000232808423
  1624.98633  0.000894815079  0.000229475496
  1632.50195  0.000884921988  0.000226190328
  1640.05237  0.000875135011  0.000222952163
  1647.6377  0.000865348964  0.000219760666
  1655.25818  0.000855560938  0.000216615212
  1662.9137  0.000845880015  0.00021351481
  1670.60486  0.000836301653  0.000210458718
  1678.33154  0.000826598436  0.000207444173
  1686.09387  0.00081700302  0.000204472817
  1693.89233  0.000807513716  0.000201543895
  1701.72656  0.000797989429  0.00019865534
  1709.59717  0.000788450474  0.000195806599
  1717.50415  0.000779019436  0.000192998763
  1725.44763  0.000769677572  0.000190229097
  1733.42798  0.000760153751  0.00018746515
  1741.44519  0.000750739942  0.000184741381
  1749.49951  0.000741434924  0.000182057222
  1757.59106  0.000732011627  0.000179404946
  1765.71997  0.000722537108  0.000176786227
  1773.88647  0.00071317493  0.000174205765
  1782.09094  0.000703875441  0.00017166177
  1790.33313  0.000694277172  0.000169146137
  1798.61353  0.000684795785  0.00016666732
  1806.93225  0.000675429939  0.000164224824
  1815.28955  0.000665826839  0.000161816672
  1823.6853  0.000656135613  0.000159443036
  1832.12  0.000646566274  0.000157104208
  1840.59375  0.000637009798  0.000154799651
  1849.10645  0.000626974273  0.000152529523
  1857.65881  0.000617068377  0.000150292472
  1866.25037  0.00060729211  0.000148088366
  1874.88196  0.000597007573  0.000145917176
  1883.55347  0.000586554408  0.000143778117
  1892.26489  0.000576243096  0.000141670418
  1901.01685  0.000565806229  0.000139593321
  1909.80908  0.000554432452  0.000137545605
  1918.64221  0.000543219852  0.000135527909
  1927.51599  0.000532166508  0.000133539783
  1936.43091  0.000519731489  0.000131580367
  1945.38708  0.000506882148  0.000129649372
  1954.38464  0.000494225824  0.000127746811
  1963.42371  0.000480763381  0.000125871898
  1972.50464  0.000464402081  0.000124023572
  1981.62769  0.000448300794  0.000122202371
  1990.79285  0.000432456145  0.000120407902
  2000.00037  0.000406935404  0.00011865361
