 Ta Density=16.65
 Energy(eV), Delta, Beta
  200.  0.0125193074  0.0176034365
  200.925018  0.012463551  0.0175036397
  201.854294  0.0124104144  0.0174044296
  202.787903  0.0123591498  0.0173057877
  203.725784  0.0123083675  0.0172068086
  204.668045  0.0122632068  0.0170993507
  205.614639  0.0122178392  0.0169925708
  206.565613  0.012168142  0.0168824326
  207.521011  0.0121157039  0.0167704411
  208.480804  0.0120626073  0.0166591909
  209.445053  0.0120054223  0.0165486932
  210.413742  0.0119482717  0.0164389275
  211.386917  0.0118895974  0.0163298938
  212.364578  0.0118301427  0.0162215829
  213.346786  0.0117704114  0.0161139872
  214.333527  0.0117089283  0.0160071123
  215.324829  0.0116475811  0.0159009453
  216.320724  0.0115847876  0.0157954898
  217.321228  0.0115214307  0.0156907383
  218.326355  0.0114576975  0.0155866817
  219.336121  0.0113919275  0.0154833077
  220.350571  0.0113263978  0.0153806182
  221.36969  0.0112584149  0.0152785899
  222.393539  0.011189661  0.0151772294
  223.422119  0.0111191953  0.0150765479
  224.455475  0.011042471  0.0149765583
  225.493591  0.0109662199  0.0148772346
  226.536514  0.0108809145  0.0147785749
  227.584259  0.0107931187  0.0146805765
  228.636856  0.010705024  0.0145956771
  229.694321  0.0106149688  0.0145449201
  230.756668  0.0105256652  0.014494339
  231.823914  0.0104553141  0.0144440532
  232.896133  0.0103902565  0.0143939685
  233.973282  0.0103288889  0.0143440701
  235.05542  0.0102754179  0.0142943626
  236.142563  0.0102220569  0.0142448265
  237.234741  0.0101764211  0.0141954478
  238.331955  0.0101323882  0.0141462339
  239.434265  0.0100919278  0.0140971942
  240.541672  0.0100583071  0.0140482998
  241.654175  0.0100244554  0.0139995823
  242.771866  0.0100021521  0.0139510306
  243.894699  0.00998135097  0.0139026511
  245.02272  0.00996466819  0.0138445403
  246.15596  0.00995500665  0.0137702674
  247.294449  0.00994468294  0.0136963949
  248.438187  0.00992420409  0.0136193968
  249.58725  0.00990214385  0.0135424146
  250.741608  0.00987924077  0.0134658664
  251.901291  0.00985534769  0.013389755
  253.066345  0.00983105879  0.0133140776
  254.236786  0.00980771799  0.0132388175
  255.412674  0.00978407543  0.0131639773
  256.593964  0.0097630322  0.0130895693
  257.780731  0.00974522717  0.0130155813
  258.972992  0.00972692203  0.0129420087
  260.170746  0.0097149089  0.0128588518
  261.374054  0.00970254466  0.0127758533
  262.582916  0.00968558993  0.0126894936
  263.797363  0.00966384076  0.0125995446
  265.017456  0.00964168552  0.0125102345
  266.243195  0.00961583201  0.0124215446
  267.474579  0.00958963949  0.0123334844
  268.71167  0.00956241228  0.0122460471
  269.954468  0.00953422487  0.0121592265
  271.203003  0.00950572826  0.0120730223
  272.457367  0.009476359  0.0119874142
  273.717499  0.00944673549  0.0119024189
  274.983459  0.00941679254  0.0118180327
  276.25528  0.00938655715  0.0117342556
  277.532959  0.00935610104  0.0116510754
  278.816589  0.00932561886  0.0115684839
  280.10611  0.00929491036  0.0114864819
  281.401642  0.00926427171  0.0114050526
  282.703125  0.00923361816  0.0113241961
  284.010651  0.00920283236  0.0112439087
  285.324219  0.00917256717  0.01116418
  286.64386  0.00914208032  0.0110850157
  287.969604  0.00911215413  0.0110064279
  289.301453  0.00908245891  0.0109284036
  290.639526  0.00905278698  0.0108509287
  291.983734  0.00902433787  0.0107740108
  293.334167  0.00899564661  0.010697634
  294.690857  0.0089684464  0.010621787
  296.053833  0.00894186832  0.0105464766
  297.423096  0.00891595241  0.0104717026
  298.798706  0.00889404025  0.0103974659
  300.180664  0.00887177791  0.0103237554
  301.569  0.00885457266  0.0102415308
  302.963776  0.00883927755  0.0101560354
  304.365021  0.0088213468  0.0100700194
  305.772736  0.00879503414  0.0099802129
  307.186951  0.00876846071  0.00989120454
  308.607697  0.00873885397  0.00980299339
  310.035034  0.00870803371  0.00971556641
  311.468964  0.00867648236  0.00962891895
  312.909546  0.00864309352  0.0095430417
  314.35675  0.00860958826  0.00945793092
  315.810669  0.00857471582  0.00937358942
  317.271332  0.00853938237  0.00929000229
  318.738708  0.00850360282  0.00920716394
  320.212921  0.00846683234  0.0091250604
  321.693909  0.00843002182  0.00904368889
  323.181763  0.00839225389  0.00896303169
  324.676483  0.00835424569  0.0088830879
  326.178131  0.00831587426  0.00880386215
  327.686737  0.00827675499  0.00872535165
  329.202332  0.00823765155  0.00864754245
  330.724884  0.00819749013  0.00857080333
  332.254517  0.00815716386  0.00849481672
  333.791199  0.00811676122  0.00841984525
  335.335022  0.00807618909  0.00834615156
  336.885956  0.00803567842  0.00827310234
  338.444092  0.00799515937  0.00820068922
  340.009399  0.00795469806  0.00812891312
  341.58197  0.00791416038  0.0080577638
  343.161804  0.00787347276  0.00798724499
  344.748962  0.00783286337  0.00791734457
  346.343445  0.00779191684  0.00784805138
  347.945312  0.0077510234  0.00777936447
  349.554565  0.0077099842  0.00771127734
  351.171265  0.00766872941  0.00764378486
  352.795471  0.00762758171  0.00757688191
  354.427185  0.00758590875  0.00751056056
  356.066406  0.00754432147  0.00744482223
  357.713257  0.00750240032  0.00737966038
  359.367676  0.00746008661  0.00731507549
  361.029785  0.00741791632  0.00725105312
  362.699585  0.00737372087  0.00718758907
  364.377106  0.00732966978  0.00712468056
  366.062347  0.0072852876  0.00706480118
  367.755402  0.00724058272  0.00700791366
  369.456299  0.00719612231  0.00695148762
  371.16507  0.00715434086  0.00689582247
  372.881714  0.00711272098  0.00684060622
  374.606323  0.00707148947  0.00678583421
  376.338898  0.00703061325  0.00673150457
  378.079498  0.0069898814  0.0066776108
  379.828156  0.00694912532  0.00662413565
  381.584869  0.00690852897  0.00657109078
  383.349701  0.0068676318  0.00651847478
  385.122742  0.00682655489  0.00646628253
  386.903961  0.0067850668  0.00641450798
  388.69339  0.00673756422  0.00636315811
  390.491119  0.00669036107  0.00631221803
  392.29718  0.00663831085  0.00627005938
  394.111572  0.00658330461  0.00623364886
  395.934357  0.00653119758  0.00619994476
  397.765594  0.00649707299  0.00618443266
  399.605286  0.0064630257  0.00616896292
  401.453491  0.00644404208  0.00615352485
  403.310211  0.00643322943  0.00613811286
  405.175537  0.00642557442  0.0061170226
  407.0495  0.00643608719  0.00606547296
  408.932159  0.00644586235  0.00601435639
  410.823486  0.00644022366  0.00595548237
  412.723602  0.0064271139  0.00589327002
  414.632477  0.0064123976  0.00583171006
  416.550171  0.00639197137  0.00577079551
  418.476715  0.00637138076  0.00571051892
  420.412201  0.00634811586  0.00565086491
  422.356598  0.00632372545  0.00559183536
  424.310059  0.00629872736  0.00553342002
  426.272522  0.0062719062  0.00547562027
  428.24408  0.00624504499  0.00541842356
  430.224701  0.0062169279  0.00536182756
  432.214539  0.00618838659  0.00530582201
  434.213531  0.00615951046  0.00525040226
  436.221802  0.00612971326  0.00519555667
  438.239349  0.00609994354  0.00514128339
  440.266235  0.00606940128  0.005087581
  442.302521  0.00603868347  0.00503443973
  444.348206  0.00600775611  0.00498185493
  446.40332  0.00597628206  0.00492982287
  448.467957  0.00594487879  0.00487833284
  450.542175  0.00591293722  0.00482737646
  452.625946  0.00588094629  0.00477695093
  454.71936  0.00584880169  0.00472705159
  456.822449  0.00581627432  0.00467767101
  458.935303  0.00578384986  0.00462880591
  461.057892  0.0057509183  0.00458045583
  463.190308  0.0057179979  0.00453261053
  465.332611  0.00568473712  0.00448526535
  467.484802  0.00565082347  0.0044384175
  469.646942  0.00561705325  0.00439205859
  471.819122  0.00558221573  0.00434780959
  474.001251  0.00554739591  0.00430421112
  476.193573  0.00551336305  0.00426141033
  478.395996  0.00548038958  0.00421955949
  480.608612  0.00544755673  0.00417811936
  482.831421  0.0054152417  0.00413707597
  485.064545  0.00538309105  0.00409643492
  487.308014  0.005351183  0.00405619713
  489.561829  0.00531954458  0.00401636027
  491.826111  0.00528803747  0.0039769127
  494.100861  0.00525687262  0.00393784884
  496.386108  0.00522584282  0.00389916985
  498.681915  0.0051950668  0.00386087131
  500.988342  0.00516455341  0.00382295065
  503.30542  0.00513416249  0.00378540298
  505.63327  0.00510422839  0.00374821806
  507.971863  0.00507441396  0.00371140009
  510.321228  0.00504505308  0.00367494463
  512.681519  0.00501612062  0.00363884773
  515.052673  0.00498732692  0.00360310613
  517.434814  0.0049596969  0.00356771727
  519.828003  0.0049321535  0.00353267626
  522.232239  0.00490500499  0.00349618122
  524.647644  0.00487819081  0.00345859164
  527.074158  0.00485134078  0.00342137949
  529.511902  0.00482293731  0.00338418921
  531.960938  0.00479464792  0.0033474036
  534.421265  0.0047660335  0.00331102242
  536.893005  0.00473723235  0.00327503867
  539.37616  0.0047085071  0.00323944748
  541.870789  0.00467946567  0.00320423627
  544.377014  0.00465055974  0.00316940667
  546.894775  0.00462154346  0.00313495868
  549.424194  0.00459251599  0.00310088601
  551.965332  0.00456357701  0.00306718238
  554.518188  0.00453443965  0.00303384522
  557.082886  0.00450545223  0.00300086965
  559.659424  0.00447593397  0.00296825473
  562.247864  0.00444622152  0.00293599581
  564.848267  0.00441641733  0.00290435366
  567.460754  0.00438554166  0.00287432387
  570.085266  0.00435486063  0.00284460606
  572.721985  0.0043265312  0.00281772343
  575.37085  0.00429931981  0.00279222452
  578.031982  0.00427313987  0.00276668812
  580.705383  0.00425047334  0.00274036895
  583.391235  0.00422786176  0.00271429936
  586.089417  0.00420491258  0.00268401532
  588.800171  0.00418188144  0.00265239435
  591.523376  0.00415836042  0.00262114825
  594.259216  0.00413319748  0.00259026908
  597.00769  0.0041081463  0.00255975383
  599.76886  0.00408253074  0.00252959761
  602.542847  0.00405682717  0.00249979645
  605.329651  0.0040311031  0.0024703464
  608.129333  0.00400512898  0.0024412428
  610.941956  0.0039792913  0.0024124824
  613.767639  0.00395331904  0.0023840575
  616.606323  0.00392742036  0.00235596742
  619.458191  0.0039016034  0.00232820679
  622.323242  0.00387579785  0.00230077491
  625.201538  0.00385013712  0.00227366644
  628.093079  0.00382453529  0.00224660942
  630.998047  0.00379906106  0.00221982109
  633.916504  0.0037736427  0.00219332636
  636.848328  0.00374820828  0.00216710265
  639.793823  0.00372292171  0.00214119139
  642.75293  0.00369767961  0.00211505173
  645.725708  0.00367257185  0.00208914885
  648.712219  0.00364732998  0.00206348463
  651.712585  0.00362179033  0.00203801133
  654.726746  0.00359641318  0.00201285305
  657.754883  0.00357074314  0.0019880021
  660.797058  0.00354519254  0.00196345756
  663.853333  0.00351957651  0.00193921488
  666.923645  0.00349381496  0.00191527128
  670.00824  0.0034682285  0.00189162337
  673.107056  0.00344205508  0.00186895684
  676.220215  0.00341601972  0.00184660661
  679.347778  0.00339044398  0.00182484474
  682.489746  0.00336536905  0.0018037199
  685.646362  0.00334046851  0.00178283791
  688.817505  0.00331607088  0.00176222401
  692.003357  0.00329184788  0.00174184889
  695.203857  0.00326798321  0.0017217244
  698.41925  0.00324447546  0.00170184777
  701.649475  0.00322113046  0.00168219488
  704.894653  0.00319863553  0.00166222162
  708.154846  0.00317628193  0.00164248515
  711.430115  0.00315378769  0.00162241259
  714.720459  0.00313118985  0.00160208077
  718.026123  0.00310871564  0.00158200343
  721.347046  0.00308584678  0.00156218011
  724.68335  0.00306313578  0.00154260534
  728.035034  0.00304041663  0.00152327295
  731.402283  0.00301772915  0.00150417991
  734.785034  0.00299518579  0.00148532668
  738.183472  0.00297261169  0.00146671024
  741.597595  0.00295019988  0.00144832744
  745.027527  0.00292785419  0.0014301734
  748.473328  0.00290560792  0.00141224626
  751.935059  0.0028835088  0.00139454321
  755.412842  0.00286146556  0.00137706066
  758.906677  0.00283958437  0.00135979697
  762.416626  0.00281779841  0.00134271651
  765.942871  0.00279613421  0.00132583058
  769.485352  0.00277462206  0.00130915677
  773.044312  0.00275321607  0.00129269052
  776.61969  0.00273196981  0.00127643137
  780.211609  0.00271082553  0.00126022438
  783.820129  0.0026898121  0.00124414801
  787.445374  0.00266890973  0.00122827024
  791.087341  0.00264796615  0.00121256534
  794.746155  0.00262718229  0.00119706139
  798.421936  0.00260644779  0.00118175312
  802.114685  0.00258582784  0.00116663985
  805.824463  0.00256533851  0.0011517189
  809.551453  0.00254490809  0.00113698537
  813.295654  0.00252463669  0.0011224401
  817.057251  0.00250444398  0.00110808283
  820.836182  0.0024843826  0.00109390961
  824.632568  0.00246445788  0.00107991777
  828.446594  0.00244463072  0.00106610323
  832.278137  0.00242496072  0.00105246599
  836.127563  0.00240540272  0.00103897566
  839.994629  0.00238598767  0.00102565065
  843.8797  0.00236669765  0.00101248629
  847.782715  0.00234749424  0.00099946768
  851.703735  0.00232844404  0.000986616476
  855.642883  0.00230951328  0.000973878778
  859.600342  0.00229072664  0.000961293583
  863.57605  0.00227203919  0.000948846573
  867.570129  0.002253399  0.000936512544
  871.582703  0.00223490898  0.000924338761
  875.61377  0.00221647252  0.000912323769
  879.663574  0.00219816808  0.000900464947
  883.732056  0.00217998074  0.000888758863
  887.819397  0.00216188631  0.000877202954
  891.925598  0.00214394019  0.000865797279
  896.050842  0.00212608045  0.000854540907
  900.195129  0.00210835994  0.000843430869
  904.358582  0.00209077238  0.000832464895
  908.541321  0.00207330915  0.000821641006
  912.743408  0.00205599051  0.000810958154
  916.964844  0.00203883066  0.000800400099
  921.205933  0.00202181377  0.000789978134
  925.466553  0.00200489978  0.000779588532
  929.746826  0.001988078  0.00076920318
  934.046936  0.00197139592  0.000758956186
  938.367004  0.00195472222  0.000748846331
  942.70697  0.00193818263  0.000738871226
  947.067078  0.00192172325  0.000728977844
  951.447266  0.00190533861  0.000719160482
  955.847839  0.00188909227  0.000709474785
  960.268677  0.0018728436  0.000699920813
  964.709961  0.00185673253  0.000690495421
  969.171814  0.00184070691  0.000681195874
  973.654297  0.00182476861  0.000672020542
  978.157532  0.00180896546  0.00066296861
  982.68158  0.00179321482  0.000654038449
  987.226501  0.00177760108  0.000645228545
  991.79248  0.00176208478  0.000636524113
  996.379578  0.00174667162  0.000627925969
  1000.98792  0.00173138885  0.000619443599
  1005.61755  0.00171617616  0.000611072523
  1010.26862  0.00170109689  0.000602814602
  1014.9411  0.00168612262  0.000594617508
  1019.63531  0.00167125964  0.000586495153
  1024.3512  0.00165651448  0.000578480249
  1029.08887  0.00164177665  0.000570541481
  1033.84851  0.00162716955  0.000562711677
  1038.63013  0.00161264383  0.000554961618
  1043.43384  0.00159821706  0.000547301315
  1048.25977  0.0015839003  0.000539741886
  1053.10803  0.00156958762  0.000532258826
  1057.97876  0.00155540381  0.000524879491
  1062.87195  0.00154127611  0.000517601031
  1067.78784  0.00152723759  0.000510422804
  1072.72632  0.00151331013  0.000503344054
  1077.68787  0.00149942539  0.000496362685
  1082.67224  0.00148566824  0.000489478116
  1087.67957  0.00147197326  0.000482689124
  1092.71021  0.00145837513  0.000475994195
  1097.76404  0.00144488376  0.0004693917
  1102.84131  0.0014314435  0.000462880416
  1107.94202  0.00141812838  0.000456459529
  1113.06628  0.00140487263  0.000450126739
  1118.21436  0.00139171572  0.000443881261
  1123.38611  0.00137866102  0.000437722279
  1128.58179  0.0013656615  0.000431647815
  1133.80151  0.00135278422  0.000425657636
  1139.04553  0.00133996445  0.000419751043
  1144.3136  0.00132724631  0.000413926813
  1149.60608  0.00131462514  0.000408182852
  1154.9231  0.00130206149  0.000402517006
  1160.26477  0.00128961774  0.000396929594
  1165.63098  0.00127722579  0.000391419395
  1171.02209  0.00126493478  0.00038598539
  1176.43823  0.00125273538  0.000380625483
  1181.87927  0.00124059478  0.000375337288
  1187.34558  0.00122857129  0.000370122492
  1192.83716  0.00121659262  0.000364980631
  1198.354  0.00120471581  0.000359910337
  1203.89648  0.00119292573  0.00035491056
  1209.4646  0.00118119689  0.000349980372
  1215.05847  0.00116958295  0.000345118809
  1220.67822  0.00115801895  0.000340324099
  1226.32385  0.00114655879  0.000335596007
  1231.99573  0.00113518222  0.000330920593
  1237.69385  0.00112387084  0.000326289388
  1243.41821  0.00111267145  0.000321722939
  1249.16907  0.0011014971  0.000317211292
  1254.94666  0.00109042414  0.000312761695
  1260.75073  0.0010794265  0.000308348914
  1266.58179  0.00106848869  0.000303962501
  1272.43982  0.00105766079  0.000299638341
  1278.32495  0.00104679377  0.000295349251
  1284.2373  0.00103602652  0.000291119592
  1290.177  0.00102530618  0.000286949828
  1296.14404  0.00101462018  0.00028283897
  1302.13892  0.00100404362  0.000278786785
  1308.16138  0.000993446913  0.000274792197
  1314.21167  0.000982955913  0.000270854769
  1320.29004  0.000972509151  0.000266973977
  1326.39636  0.000962104183  0.000263148948
  1332.53113  0.000951807539  0.000259378576
  1338.69409  0.000941481674  0.000255661027
  1344.88562  0.000931265182  0.000251996709
  1351.10583  0.000921081868  0.000248385128
  1357.35474  0.00091093895  0.000244825496
  1363.63257  0.000900898594  0.000241316768
  1369.93958  0.000890819647  0.000237856264
  1376.27551  0.00088085013  0.000234445499
  1382.64099  0.000870898773  0.000231083744
  1389.03564  0.000860985718  0.000227770521
  1395.46008  0.000851168064  0.000224504576
  1401.91418  0.000841300585  0.000221285227
  1408.39819  0.000831542595  0.00021811208
  1414.91199  0.00082178571  0.00021498464
  1421.45618  0.0008120641  0.000211902166
  1428.0304  0.000802429859  0.000208863479
  1434.63513  0.000792725245  0.000205864781
  1441.27051  0.000783131109  0.000202909097
  1447.9364  0.000773510605  0.000199995673
  1454.63318  0.000763920892  0.000197123896
  1461.36096  0.000754406734  0.000194292501
  1468.11987  0.000744799734  0.000191497282
  1474.90991  0.000735305832  0.000188742255
  1481.73157  0.000725748367  0.000186026969
  1488.58459  0.000716216979  0.000183350814
  1495.46948  0.000706744147  0.00018070919
  1502.38611  0.000697137904  0.000178087867
  1509.33472  0.000687648542  0.000175504611
  1516.31543  0.000678028446  0.000172957953
  1523.32849  0.000668422086  0.000170447907
  1530.37402  0.000658848032  0.000167973878
  1537.45215  0.00064908003  0.000165534584
  1544.56287  0.000639436359  0.000163130826
  1551.70654  0.000629573828  0.000160762167
  1558.88342  0.000619715836  0.000158427967
  1566.09326  0.000609846902  0.000156127673
  1573.33655  0.000599698687  0.000153860587
  1580.61328  0.000589685515  0.00015162646
  1587.92383  0.000579291023  0.000149424595
  1595.26807  0.000568885764  0.000147254701
  1602.64624  0.000558381784  0.000145116181
  1610.05859  0.000547431002  0.000143008234
  1617.50525  0.000536634878  0.000140930963
  1624.98633  0.000525118725  0.00013888345
  1632.50195  0.000513559731  0.000136865594
  1640.05237  0.000501690549  0.000134877031
  1647.6377  0.000489002268  0.00013291731
  1655.25818  0.000476504822  0.000130986096
  1662.9137  0.000462387747  0.000129083477
  1670.60486  0.000448151899  0.000127208637
  1678.33154  0.00043285836  0.000125360442
  1686.09387  0.000415533781  0.000123538164
  1693.89233  0.00039848953  0.000121742312
  1701.72656  0.0003752005  0.000119971141
  1709.59717  0.000351393159  0.000118225507
  1717.50415  0.000308248331  0.000116505296
  1725.44763  0.000235847459  0.000114810158
  1733.42798  0.00016475076  0.000113139664
  1741.44519  0.000117252181  0.000262478745
  1749.49951  0.000195707005  0.000278901134
  1757.59106  0.000241372691  0.000296350248
  1765.71997  0.000244952244  0.000314889941
  1773.88647  0.000248445664  0.000334589538
  1782.09094  0.00025493445  0.000355527183
  1790.33313  0.00026145298  0.000377772667
  1798.61353  0.000275024853  0.000401116878
  1806.93225  0.000296533108  0.000425545411
  1815.28955  0.000317622937  0.000451461558
  1823.6853  0.00034097652  0.000444896461
  1832.12  0.000363919331  0.000437876472
  1840.59375  0.000381601916  0.000430965942
  1849.10645  0.000394161383  0.000424164318
  1857.65881  0.000406369974  0.00041746936
  1866.25037  0.000413558068  0.000410881185
  1874.88196  0.000420579629  0.000404396706
  1883.55347  0.000426356157  0.000398014003
  1892.26489  0.000431064225  0.000391731737
  1901.01685  0.000435573573  0.000385548308
  1909.80908  0.000438650895  0.00037946197
  1918.64221  0.000441634853  0.000373471586
  1927.51599  0.000443947501  0.000367574365
  1936.43091  0.000445749785  0.000361769315
  1945.38708  0.00044741077  0.00035605568
  1954.38464  0.000448289531  0.000350433431
  1963.42371  0.000449114421  0.00034489989
  1972.50464  0.000449497544  0.000339453458
  1981.62769  0.000449587184  0.000334092794
  1990.79285  0.000449568412  0.000328818714
  2000.00037  0.000449037296  0.000323641958
