 SiO2 Density=2.2
 Energy(eV), Delta, Beta
  200.  0.00831861608  0.0042375722
  200.925018  0.00825793389  0.00418247608
  201.854294  0.00819700491  0.00412875647
  202.787903  0.00813611038  0.00407636631
  203.725784  0.00807564706  0.0040246658
  204.668045  0.00801551249  0.00397366472
  205.614639  0.00795661379  0.00392403873
  206.565613  0.00789811928  0.00387505721
  207.521011  0.00784002058  0.00382670877
  208.480804  0.00778244995  0.0037789885
  209.445053  0.00772553589  0.00373188709
  210.413742  0.00766901253  0.00368539616
  211.386917  0.00761279697  0.00363950734
  212.364578  0.00755717978  0.00359421456
  213.346786  0.00750194024  0.00354950526
  214.333527  0.00744706579  0.00350537477
  215.324829  0.00739317574  0.00346181099
  216.320724  0.00734016113  0.00341880904
  217.321228  0.0072874967  0.00337636028
  218.326355  0.00723522203  0.00333437324
  219.336121  0.00718423957  0.00329229864
  220.350571  0.00713358261  0.0032507719
  221.36969  0.00708323112  0.00320978812
  222.393539  0.00703256018  0.00316694216
  223.422119  0.00698193954  0.00312336627
  224.455475  0.00693165418  0.00308039901
  225.493591  0.00688132877  0.00303803221
  226.536514  0.00682990439  0.00299625588
  227.584259  0.00677884417  0.00295506208
  228.636856  0.00672811642  0.00291444547
  229.694321  0.00667704269  0.00287439534
  230.756668  0.00662608072  0.00283490447
  231.823914  0.00657549361  0.00279596588
  232.896133  0.0065250448  0.00275756954
  233.973282  0.00647450238  0.00271971035
  235.05542  0.00642433809  0.00268237921
  236.142563  0.00637442991  0.00264560618
  237.234741  0.00632420136  0.00260947621
  238.331955  0.00627425965  0.00257384661
  239.434265  0.00622470211  0.0025387092
  240.541672  0.00617559766  0.00250449684
  241.654175  0.00612676004  0.00247089704
  242.771866  0.00607829681  0.00243775058
  243.894699  0.00603028527  0.00240505137
  245.02272  0.00598311704  0.00237279176
  246.15596  0.00593638001  0.00234096753
  247.294449  0.00588999595  0.00230957265
  248.438187  0.00584387826  0.00227822782
  249.58725  0.00579784717  0.00224646088
  250.741608  0.00575216953  0.00221514073
  251.901291  0.00570684671  0.00218425808
  253.066345  0.00566116674  0.00215365225
  254.236786  0.00561569585  0.00212344434
  255.412674  0.00557058025  0.00209366065
  256.593964  0.00552564394  0.00206429488
  257.780731  0.00548073277  0.00203534076
  258.972992  0.00543617969  0.00200679386
  260.170746  0.00539198099  0.00197864906
  261.374054  0.00534779392  0.00195090147
  262.582916  0.00530391512  0.00192354352
  263.797363  0.00526039023  0.00189657218
  265.017456  0.00521708047  0.00186997745
  266.243195  0.00517393695  0.00184375641
  267.474579  0.00513114687  0.00181790453
  268.71167  0.00508870138  0.00179241633
  269.954468  0.00504636345  0.0017672868
  271.203003  0.00500435382  0.00174251094
  272.457367  0.00496268831  0.00171808293
  273.717499  0.00492125144  0.00169397995
  274.983459  0.00488003064  0.00167021574
  276.25528  0.00483915303  0.001646786
  277.532959  0.00479859486  0.00162367581
  278.816589  0.00475817453  0.00160087796
  280.10611  0.00471808668  0.00157840236
  281.401642  0.00467833271  0.00155624247
  282.703125  0.00463878829  0.00153438211
  284.010651  0.00459949812  0.0015128284
  285.324219  0.00456053857  0.00149157876
  286.64386  0.0045218789  0.0014706275
  287.969604  0.00448341249  0.00144997076
  289.301453  0.0044452711  0.00142960681
  290.639526  0.00440745009  0.00140952773
  291.983734  0.00436990056  0.00138973235
  293.334167  0.00433267001  0.00137021579
  294.690857  0.00429575564  0.0013509742
  296.053833  0.00425911974  0.00133198837
  297.423096  0.00422269991  0.00131300557
  298.798706  0.00418658974  0.00129429414
  300.180664  0.00415078318  0.00127584999
  301.569  0.00411510514  0.0012575438
  302.963776  0.00407963898  0.00123941002
  304.365021  0.00404447736  0.00122153747
  305.772736  0.00400955603  0.0012039243
  307.186951  0.00397465285  0.00118656619
  308.607697  0.00394005282  0.00116945908
  310.035034  0.00390574592  0.00115259876
  311.468964  0.00387158548  0.00113598234
  312.909546  0.00383766182  0.00111960596
  314.35675  0.00380403525  0.00110346626
  315.810669  0.00377064478  0.0010875595
  317.271332  0.00373741053  0.00107188104
  318.738708  0.00370446895  0.00105643005
  320.212921  0.00367180654  0.00104120176
  321.693909  0.00363931223  0.00102619454
  323.181763  0.00360707054  0.00101140433
  324.676483  0.00357511477  0.000996827846
  326.178131  0.00354337925  0.000982462196
  327.686737  0.00351183186  0.000968303299
  329.202332  0.0034805648  0.000954348827
  330.724884  0.00344956294  0.000940596045
  332.254517  0.00341872941  0.00092704111
  333.791199  0.0033881506  0.000913682568
  335.335022  0.00335784443  0.000900516869
  336.885956  0.00332774594  0.00088754145
  338.444092  0.00329785864  0.000874753459
  340.009399  0.00326824025  0.000862150104
  341.58197  0.0032388689  0.000849728647
  343.161804  0.00320967776  0.000837486295
  344.748962  0.0031807411  0.000825420488
  346.343445  0.00315206451  0.000813529012
  347.945312  0.00312358374  0.000801808725
  349.554565  0.00309533696  0.000790258462
  351.171265  0.00306734582  0.000778874906
  352.795471  0.00303958263  0.000767655845
  354.427185  0.00301204575  0.000756598427
  356.066406  0.00298476662  0.000745700556
  357.713257  0.00295773381  0.000734959904
  359.367676  0.00293094153  0.000724374375
  361.029785  0.00290450733  0.000713942049
  362.699585  0.00287831179  0.000703660189
  364.377106  0.0028523209  0.000693526352
  366.062347  0.00282655936  0.000682973536
  367.755402  0.00280103995  0.000672484457
  369.456299  0.00277575105  0.000662156439
  371.16507  0.00275046029  0.000651924114
  372.881714  0.00272514927  0.000641746505
  374.606323  0.00270007132  0.000631727744
  376.338898  0.00267518358  0.000621865445
  378.079498  0.00265018665  0.000612157455
  379.828156  0.00262539252  0.000602601096
  381.584869  0.00260083028  0.000593193923
  383.349701  0.00257634046  0.000583928544
  385.122742  0.00255198986  0.000574806763
  386.903961  0.00252786977  0.000565828115
  388.69339  0.00250392314  0.000556984625
  390.491119  0.00248002564  0.000548272161
  392.29718  0.00245634979  0.00053969596
  394.111572  0.00243289978  0.000531253987
  395.934357  0.00240949239  0.000522942573
  397.765594  0.00238625216  0.000514761196
  399.605286  0.00236323639  0.000506707875
  401.453491  0.00234037032  0.000498779991
  403.310211  0.00231756736  0.000490976381
  405.175537  0.00229498465  0.000483294192
  407.0495  0.00227262126  0.000475732668
  408.932159  0.00225027767  0.000468288519
  410.823486  0.00222812151  0.000460961048
  412.723602  0.00220618187  0.000453748158
  414.632477  0.00218436238  0.000446648482
  416.550171  0.00216261693  0.000439660274
  418.476715  0.00214108662  0.000432781497
  420.412201  0.00211976026  0.000426010316
  422.356598  0.00209842855  0.000419345102
  424.310059  0.00207728753  0.000412783906
  426.272522  0.00205635838  0.000406325678
  428.24408  0.0020355091  0.000399968441
  430.224701  0.00201473851  0.000393710914
  432.214539  0.00199417723  0.000387551292
  434.213531  0.00197380106  0.00038148812
  436.221802  0.00195338251  0.00037551939
  438.239349  0.00193315803  0.000369643938
  440.266235  0.00191314018  0.000363860512
  442.302521  0.00189314841  0.000358167337
  444.348206  0.00187323464  0.000352563744
  446.40332  0.00185352692  0.000347047899
  448.467957  0.00183397811  0.000341618463
  450.542175  0.00181434199  0.000336274621
  452.625946  0.00179490831  0.000331014453
  454.71936  0.00177567871  0.00032583659
  456.822449  0.00175640034  0.000320735155
  458.935303  0.00173720683  0.000315689802
  461.057892  0.00171821797  0.00031072399
  463.190308  0.00169934786  0.000305836264
  465.332611  0.00168027403  0.000300948712
  467.484802  0.00166139472  0.000296106387
  469.646942  0.00164272019  0.000291341974
  471.819122  0.00162383891  0.000286653958
  474.001251  0.00160494144  0.000282041699
  476.193573  0.00158625375  0.000277503539
  478.395996  0.00156761473  0.000273038429
  480.608612  0.00154860993  0.00026864509
  482.831421  0.00152980851  0.000264322473
  485.064545  0.00151122198  0.000260069355
  487.308014  0.00149216631  0.000255884865
  489.561829  0.00147308782  0.000251767924
  491.826111  0.00145423319  0.00024771702
  494.100861  0.00143526972  0.000243731498
  496.386108  0.00141563395  0.000239810208
  498.681915  0.0013962317  0.000235952015
  500.988342  0.00137706648  0.000232155886
  503.30542  0.00135675329  0.000228420438
  505.63327  0.00133633113  0.000224744726
  507.971863  0.00131616986  0.000221128212
  510.321228  0.00129540043  0.000217569905
  512.681519  0.00127305323  0.000214068947
  515.052673  0.00125100545  0.00021062461
  517.434814  0.00122925523  0.000207235687
  519.828003  0.00120367575  0.000203901509
  522.232239  0.00117768534  0.000200620823
  524.647644  0.00115207082  0.000197392917
  527.074158  0.00112244568  0.000194217006
  529.511902  0.00108570314  0.000191092302
  531.960938  0.00104953942  0.000188017904
  534.421265  0.00101394835  0.000184992998
  536.893005  0.000839536602  0.000182016549
  539.37616  0.000650799542  0.000179088122
  541.870789  0.000465459074  0.000176206799
  544.377014  0.000564730435  0.000601187232
  546.894775  0.000703196216  0.000591622142
  549.424194  0.000839069544  0.000582209264
  551.965332  0.000972387032  0.000572946097
  554.518188  0.000998954056  0.000563830079
  557.082886  0.00101762102  0.000554859114
  559.659424  0.00103586074  0.000546030875
  562.247864  0.00104876561  0.000537348213
  564.848267  0.00105554319  0.000528809498
  567.460754  0.00106210902  0.000520405942
  570.085266  0.00106846367  0.000512136379
  572.721985  0.0010702908  0.000504067924
  575.37085  0.001071912  0.000496128108
  578.031982  0.00107341295  0.000488313206
  580.705383  0.00107359688  0.000480630319
  583.391235  0.00107250817  0.000473027991
  586.089417  0.00107134902  0.000465546094
  588.800171  0.00107008382  0.000458182389
  591.523376  0.00106728741  0.000450929714
  594.259216  0.00106443698  0.000443777972
  597.00769  0.00106154918  0.00043673988
  599.76886  0.00105806382  0.000429812935
  602.542847  0.00105406507  0.000422995363
  605.329651  0.00105005049  0.000416286086
  608.129333  0.00104596897  0.000409683242
  610.941956  0.00104119035  0.000403184298
  613.767639  0.00103640242  0.000396788528
  616.606323  0.00103161496  0.000390494417
  619.458191  0.00102650886  0.000384295388
  622.323242  0.001021181  0.00037819214
  625.201538  0.00101586443  0.000372185983
  628.093079  0.00101051421  0.000366266089
  630.998047  0.00100482872  0.000360371516
  633.916504  0.000999156851  0.000354571763
  636.848328  0.000993504887  0.000348865549
  639.793823  0.000987628591  0.000343180989
  642.75293  0.000981632504  0.000337550329
  645.725708  0.00097566325  0.000332012074
  648.712219  0.000969653775  0.000326553214
  651.712585  0.000963320432  0.000321127241
  654.726746  0.000957018579  0.000315791578
  657.754883  0.000950751011  0.000310544478
  660.797058  0.000944271858  0.000305384398
  663.853333  0.000937711797  0.000300309883
  666.923645  0.00093119283  0.000295319827
  670.00824  0.000924651395  0.000290448981
  673.107056  0.000917909143  0.000285794871
  676.220215  0.000911210605  0.000281215413
  679.347778  0.000904557819  0.000276709208
  682.489746  0.0008978892  0.000272368605
  685.646362  0.000891224656  0.000268129254
  688.817505  0.000884606969  0.000263956317
  692.003357  0.00087803934  0.000259854918
  695.203857  0.000871523458  0.000255861029
  698.41925  0.000865051057  0.000251935766
  701.649475  0.000858624117  0.000248070894
  704.894653  0.000852211379  0.000244182127
  708.154846  0.000845847127  0.000240340218
  711.430115  0.000839527929  0.000236558742
  714.720459  0.000833202328  0.00023281452
  718.026123  0.000826810603  0.00022907801
  721.347046  0.000820467656  0.0002254016
  724.68335  0.000814171392  0.000221784183
  728.035034  0.000807824545  0.000218227258
  731.402283  0.000801506161  0.000214727901
  734.785034  0.000795235857  0.000211284685
  738.183472  0.000788982783  0.000207896243
  741.597595  0.000782723771  0.000204561424
  745.027527  0.000776513596  0.000201280069
  748.473328  0.000770351617  0.000198051217
  751.935059  0.000764174853  0.000194873021
  755.412842  0.000758038834  0.000191745625
  758.906677  0.000751951186  0.000188668419
  762.416626  0.000745892001  0.000185636614
  765.942871  0.000739853131  0.000182647316
  769.485352  0.000733862631  0.000179706229
  773.044312  0.000727919687  0.000176812435
  776.61969  0.000721976918  0.000173934939
  780.211609  0.000716080191  0.000171101536
  783.820129  0.000710230961  0.000168314131
  787.445374  0.000704391568  0.000165560734
  791.087341  0.000698566961  0.000162828597
  794.746155  0.000692790607  0.000160141091
  798.421936  0.000687061402  0.00015749794
  802.114685  0.000681308156  0.000154886991
  805.824463  0.000675592571  0.000152307068
  809.551453  0.000669924426  0.000149770116
  813.295654  0.00066427578  0.000147275437
  817.057251  0.000658633944  0.000144822348
  820.836182  0.000653039664  0.000142410121
  824.632568  0.000647492358  0.000140038101
  828.446594  0.000641937077  0.000137705341
  832.278137  0.000636427139  0.000135411537
  836.127563  0.000630963885  0.000133155903
  839.994629  0.000625519431  0.000130949906
  843.8797  0.000620092906  0.000128790984
  847.782715  0.000614713295  0.000126667714
  851.703735  0.000609378621  0.000124580663
  855.642883  0.00060406077  0.000122549987
  859.600342  0.000598788261  0.000120552395
  863.57605  0.000593561737  0.000118587304
  867.570129  0.000588378811  0.000116665702
  871.582703  0.000583238609  0.000114783492
  875.61377  0.000578143285  0.000112931702
  879.663574  0.000573091384  0.000111109759
  883.732056  0.000568078598  0.000109317254
  887.819397  0.00056311104  0.000107553664
  891.925598  0.000558186846  0.000105818544
  896.050842  0.000553301536  0.000104109175
  900.195129  0.000548459881  0.000102412923
  904.358582  0.000543660484  0.000100744277
  908.541321  0.000538902474  9.91029447E-05
  912.743408  0.000534172927  9.74822833E-05
  916.964844  0.000529479468  9.58850505E-05
  921.205933  0.000524827105  9.43140403E-05
  925.466553  0.000520209782  9.27425863E-05
  929.746826  0.000515623658  9.11844036E-05
  934.046936  0.000511077757  8.96524289E-05
  938.367004  0.000506566139  8.81444284E-05
  942.70697  0.000502065348  8.66543123E-05
  947.067078  0.000497602334  8.51893856E-05
  951.447266  0.000493179017  8.37492626E-05
  955.847839  0.00048877392  8.23279188E-05
  960.268677  0.000484396558  8.09285702E-05
  964.709961  0.000480058399  7.95530432E-05
  969.171814  0.000475753914  7.82008792E-05
  973.654297  0.000471468578  7.68715763E-05
  978.157532  0.000467220671  7.55648653E-05
  982.68158  0.000463011063  7.42803968E-05
  987.226501  0.000458824798  7.30183456E-05
  991.79248  0.000454669062  7.17778312E-05
  996.379578  0.000450550986  7.05584025E-05
  1000.98792  0.000446466176  6.93599286E-05
  1005.61755  0.000442404678  6.81823876E-05
  1010.26862  0.000438379328  6.70248046E-05
  1014.9411  0.000434390648  6.5886903E-05
  1019.63531  0.000430429762  6.47737979E-05
  1024.3512  0.000426500716  6.3680789E-05
  1029.08887  0.000422607554  6.26062465E-05
  1033.84851  0.000418748416  6.1548315E-05
  1038.63013  0.000414918206  6.05052555E-05
  1043.43384  0.000411122368  5.94798948E-05
  1048.25977  0.000407361251  5.8471891E-05
  1053.10803  0.000403622224  5.7476911E-05
  1057.97876  0.0003999123  5.64981019E-05
  1062.87195  0.000396236544  5.55359948E-05
  1067.78784  0.000392590649  5.45901967E-05
  1072.72632  0.000388967019  5.36604603E-05
  1077.68787  0.000385376101  5.27465563E-05
  1082.67224  0.00038181839  5.18482339E-05
  1087.67957  0.000378282915  5.09688107E-05
  1092.71021  0.000374774711  5.01093928E-05
  1097.76404  0.000371299015  4.92644249E-05
  1102.84131  0.00036785251  4.8433707E-05
  1107.94202  0.000364438398  4.76224341E-05
  1113.06628  0.000361056358  4.68251601E-05
  1118.21436  0.000357705576  4.60412157E-05
  1123.38611  0.000354380318  4.52705317E-05
  1128.58179  0.000351086026  4.45126752E-05
  1133.80151  0.000347822323  4.37675153E-05
  1139.04553  0.000344586297  4.303483E-05
  1144.3136  0.000341376523  4.23144265E-05
  1149.60608  0.000338196551  4.16060793E-05
  1154.9231  0.000335046177  4.09095846E-05
  1160.26477  0.000331919407  4.0224535E-05
  1165.63098  0.000328821014  3.95510069E-05
  1171.02209  0.000325751491  3.88887456E-05
  1176.43823  0.000322708307  3.82375656E-05
  1181.87927  0.000319689949  3.7597245E-05
  1187.34558  0.000316699763  3.69676382E-05
  1192.83716  0.000313737401  3.63485815E-05
  1198.354  0.000310797623  3.57397985E-05
  1203.89648  0.000307884038  3.51411109E-05
  1209.4646  0.000304997753  3.4552424E-05
  1215.05847  0.000302136672  3.3973618E-05
  1220.67822  0.00029929835  3.34043798E-05
  1226.32385  0.000296486716  3.28446913E-05
  1231.99573  0.000293701247  3.2294276E-05
  1237.69385  0.000290937925  3.17518934E-05
  1243.41821  0.000288199313  3.12186203E-05
  1249.16907  0.000285486487  3.06943039E-05
  1254.94666  0.00028279706  3.01779419E-05
  1260.75073  0.000280129141  2.96697417E-05
  1266.58179  0.000277486251  2.91700926E-05
  1272.43982  0.000274867751  2.8678598E-05
  1278.32495  0.000272267876  2.81937446E-05
  1284.2373  0.000269691314  2.7717082E-05
  1290.177  0.000267139054  2.72484776E-05
  1296.14404  0.00026460801  2.67877531E-05
  1302.13892  0.000262095826  2.63344409E-05
  1308.16138  0.000259607506  2.58888085E-05
  1314.21167  0.000257142383  2.54507195E-05
  1320.29004  0.000254695071  2.50200628E-05
  1326.39636  0.000252269587  2.45966949E-05
  1332.53113  0.000249867153  2.41804628E-05
  1338.69409  0.000247484917  2.37712611E-05
  1344.88562  0.000245120813  2.33689334E-05
  1351.10583  0.000242779221  2.29734123E-05
  1357.35474  0.000240459587  2.25846143E-05
  1363.63257  0.000238156397  2.22024919E-05
  1369.93958  0.000235873697  2.18268378E-05
  1376.27551  0.000233612926  2.14575448E-05
  1382.64099  0.000231370926  2.10944308E-05
  1389.03564  0.000229145415  2.07373378E-05
  1395.46008  0.000226941222  2.03862728E-05
  1401.91418  0.00022475775  2.00411323E-05
  1408.39819  0.00022258886  1.97016707E-05
  1414.91199  0.000220439426  1.93679407E-05
  1421.45618  0.000218310553  1.9039855E-05
  1428.0304  0.000216199143  1.87173973E-05
  1434.63513  0.000214102576  1.84003638E-05
  1441.27051  0.00021202628  1.80887E-05
  1447.9364  0.000209969949  1.77822112E-05
  1454.63318  0.000207926234  1.74806755E-05
  1461.36096  0.000205900782  1.71842366E-05
  1468.11987  0.000203895033  1.68928382E-05
  1474.90991  0.000201904695  1.66058544E-05
  1481.73157  0.000199927206  1.63236182E-05
  1488.58459  0.000197969042  1.60461786E-05
  1495.46948  0.000196029592  1.57727391E-05
  1502.38611  0.000194098844  1.55015132E-05
  1509.33472  0.000192185602  1.52347775E-05
  1516.31543  0.000190291132  1.49726329E-05
  1523.32849  0.000188407925  1.47147803E-05
  1530.37402  0.000186534715  1.44612795E-05
  1537.45215  0.000184680015  1.4212138E-05
  1544.56287  0.00018284317  1.39673493E-05
  1551.70654  0.000181009324  1.3726778E-05
  1558.88342  0.000179192313  1.34903403E-05
  1566.09326  0.000177393478  1.32579789E-05
  1573.33655  0.000175603505  1.3029492E-05
  1580.61328  0.00017382091  1.28049423E-05
  1587.92383  0.000172056214  1.25842598E-05
  1595.26807  0.000170308878  1.23673854E-05
  1602.64624  0.00016855709  1.21542416E-05
  1610.05859  0.000166822138  1.19447595E-05
  1617.50525  0.000165104851  1.17388972E-05
  1624.98633  0.000163390738  1.1536622E-05
  1632.50195  0.000161679578  1.13378255E-05
  1640.05237  0.000159986041  1.11424552E-05
  1647.6377  0.000158309602  1.09504253E-05
  1655.25818  0.000156613634  1.07616825E-05
  1662.9137  0.000154935522  1.05761965E-05
  1670.60486  0.000153274945  1.03939046E-05
  1678.33154  0.000151605025  1.02147524E-05
  1686.09387  0.000149929416  1.00386887E-05
  1693.89233  0.00014827172  9.8656501E-06
  1701.72656  0.000146628227  9.69560278E-06
  1709.59717  0.000144934791  9.52848586E-06
  1717.50415  0.000143260084  9.36424931E-06
  1725.44763  0.00014160393  9.2028049E-06
  1733.42798  0.00013990044  9.0430367E-06
  1741.44519  0.000138167758  8.8857114E-06
  1749.49951  0.000136455114  8.73112276E-06
  1757.59106  0.000134741524  8.57907798E-06
  1765.71997  0.000132855974  8.42945701E-06
  1773.88647  0.000130993707  8.28244629E-06
  1782.09094  0.000129154287  8.13797487E-06
  1790.33313  0.000126998057  7.99580721E-06
  1798.61353  0.000124662329  7.85607335E-06
  1806.93225  0.000122358804  7.71878058E-06
  1815.28955  0.000119671859  7.58387705E-06
  1823.6853  0.000108016924  7.45132547E-06
  1832.12  9.6566022E-05  7.3210922E-06
  1840.59375  0.000111109541  2.4182973E-05
  1849.10645  0.000112559239  2.37972254E-05
  1857.65881  0.000113973416  2.34176096E-05
  1866.25037  0.000114619826  2.30440819E-05
  1874.88196  0.000114972267  2.26765133E-05
  1883.55347  0.000115308467  2.23148236E-05
  1892.26489  0.00011546936  2.1958911E-05
  1901.01685  0.000115144496  2.16086355E-05
  1909.80908  0.000114815673  2.12639679E-05
  1918.64221  0.000114483177  2.09248064E-05
  1927.51599  0.000113976872  2.05910364E-05
  1936.43091  0.000113420661  2.02625997E-05
  1945.38708  0.000112865026  1.99393962E-05
  1954.38464  0.000112276699  1.96213732E-05
  1963.42371  0.000111611036  1.93084179E-05
  1972.50464  0.000110947964  1.90004666E-05
  1981.62769  0.000110287656  1.86974394E-05
  1990.79285  0.000109574896  1.83987686E-05
  2000.00037  0.000108853827  1.81051018E-05