 Pt Density=21.45
 Energy(eV), Delta, Beta
  200.  0.0120526981  0.0138259782
  200.925018  0.0119528677  0.0138259176
  201.854294  0.0118926363  0.0138608506
  202.787903  0.0118129067  0.0138136763
  203.725784  0.0117433537  0.0138402563
  204.668045  0.0116865896  0.0137901446
  205.614639  0.0116027752  0.0137783429
  206.565613  0.0115342941  0.0137401344
  207.521011  0.0114661492  0.0137306936
  208.480804  0.0113562271  0.013643872
  209.445053  0.0112690683  0.0136055816
  210.413742  0.0111581404  0.0135667175
  211.386917  0.0110728154  0.0135266185
  212.364578  0.0109671745  0.0135086169
  213.346786  0.0108618252  0.013451416
  214.333527  0.0107246432  0.0134397605
  215.324829  0.0106183803  0.0134222005
  216.320724  0.0105000874  0.0133949267
  217.321228  0.0103712026  0.0133723971
  218.326355  0.0102560883  0.0133957211
  219.336121  0.0101605486  0.0134152276
  220.350571  0.0100911697  0.0133865438
  221.36969  0.00996122509  0.0133808907
  222.393539  0.00985085964  0.0134072248
  223.422119  0.00977148861  0.0134513797
  224.455475  0.00970931351  0.0134836687
  225.493591  0.00964464806  0.0134534063
  226.536514  0.00953243952  0.0134712802
  227.584259  0.00947826263  0.0135133257
  228.636856  0.00944869127  0.0135241691
  229.694321  0.00936548319  0.0135589708
  230.756668  0.00937611051  0.0136033632
  231.823914  0.00933305826  0.0135597372
  232.896133  0.00928935874  0.0135597726
  233.973282  0.00923336297  0.0135442754
  235.05542  0.00919956248  0.013611312
  236.142563  0.00921447389  0.0135227749
  237.234741  0.00916788541  0.013548688
  238.331955  0.00915665179  0.0135336723
  239.434265  0.00909811538  0.0135042584
  240.541672  0.00912830047  0.0135014812
  241.654175  0.00906116609  0.0134708984
  242.771866  0.00908788107  0.0134347184
  243.894699  0.00903716218  0.0134419985
  245.02272  0.00906291604  0.0133485962
  246.15596  0.00900091603  0.0133070191
  247.294449  0.00898922421  0.0132560721
  248.438187  0.00891395938  0.0132010672
  249.58725  0.00892961212  0.0131566497
  250.741608  0.00889365189  0.0131422961
  251.901291  0.00884366035  0.0130876666
  253.066345  0.00881881826  0.0130107952
  254.236786  0.00875820033  0.0130050294
  255.412674  0.00874433201  0.0129672745
  256.593964  0.0087239556  0.0129472809
  257.780731  0.00865974836  0.012901986
  258.972992  0.00866126735  0.0128763011
  260.170746  0.00867339503  0.0128582474
  261.374054  0.00864451285  0.0127765452
  262.582916  0.00864446256  0.0127426488
  263.797363  0.0086151883  0.0126908543
  265.017456  0.00862310641  0.0126573779
  266.243195  0.00864542276  0.0125958892
  267.474579  0.0086246971  0.0125339879
  268.71167  0.00862359069  0.0124179414
  269.954468  0.00858828519  0.0123431757
  271.203003  0.00854178797  0.012249928
  272.457367  0.00848804414  0.0121661853
  273.717499  0.00843815692  0.012103173
  274.983459  0.00839310605  0.0120485714
  276.25528  0.00834115315  0.0119876442
  277.532959  0.00829112064  0.0119320014
  278.816589  0.00824378245  0.0118840411
  280.10611  0.00819661841  0.0118362736
  281.401642  0.00818804372  0.0117961895
  282.703125  0.00814436749  0.0117117167
  284.010651  0.00810815953  0.0116709424
  285.324219  0.0080620097  0.0115868486
  286.64386  0.00798195507  0.0115475617
  287.969604  0.0079474505  0.0114850849
  289.301453  0.0079353191  0.0114797698
  290.639526  0.00791883469  0.0113985287
  291.983734  0.00785804167  0.0113713909
  293.334167  0.00782477576  0.0113200536
  294.690857  0.00780764362  0.0112477886
  296.053833  0.00774779916  0.0111799715
  297.423096  0.00770302583  0.0111249257
  298.798706  0.00765842153  0.0110701527
  300.180664  0.0075907968  0.0110347457
  301.569  0.00755164819  0.0109882168
  302.963776  0.00751382113  0.0109554958
  304.365021  0.00747694587  0.0109171439
  305.772736  0.00741379522  0.0108859474
  307.186951  0.00736853853  0.0108469306
  308.607697  0.00734433951  0.0108293779
  310.035034  0.00732081942  0.0108004352
  311.468964  0.00729711307  0.0107715707
  312.909546  0.00727329683  0.0107427817
  314.35675  0.00724943308  0.0107140811
  315.810669  0.00723467581  0.0106957285
  317.271332  0.00722907344  0.0106730629
  318.738708  0.00722444989  0.0106379436
  320.212921  0.00721331267  0.0105872126
  321.693909  0.00720033888  0.010532951
  323.181763  0.00719077466  0.0104906326
  324.676483  0.00718186144  0.0104518496
  326.178131  0.00717331748  0.0104126418
  327.686737  0.00717377197  0.0103670098
  329.202332  0.00717361178  0.0103215771
  330.724884  0.00717155309  0.0102691576
  332.254517  0.00716684479  0.0102054253
  333.791199  0.00716161355  0.010142087
  335.335022  0.0071512009  0.010079151
  336.885956  0.00713212648  0.0100109531
  338.444092  0.00709408941  0.00993312802
  340.009399  0.00706001883  0.00987882633
  341.58197  0.00702783372  0.00983964745
  343.161804  0.00699654268  0.00980782788
  344.748962  0.00696523301  0.00977611355
  346.343445  0.00695708673  0.00973505527
  347.945312  0.00694910297  0.00969393272
  349.554565  0.00693969987  0.00965188537
  351.171265  0.00693647237  0.00961310696
  352.795471  0.0069387285  0.00956472382
  354.427185  0.00693819486  0.00951128919
  356.066406  0.00693551963  0.00945386291
  357.713257  0.00693220226  0.00939649437
  359.367676  0.00692837313  0.00933947973
  361.029785  0.0069240611  0.009282819
  362.699585  0.00691212621  0.00920992717
  364.377106  0.00689983228  0.00913760811
  366.062347  0.006879983  0.00907727145
  367.755402  0.0068554543  0.00902443659
  369.456299  0.0068307966  0.0089719072
  371.16507  0.00681588752  0.00891968794
  372.881714  0.00680155074  0.00886777323
  374.606323  0.00678882096  0.00881570857
  376.338898  0.00678246375  0.00876236986
  378.079498  0.00677564973  0.00870935153
  379.828156  0.00676874304  0.00865212176
  381.584869  0.00676171109  0.00859116763
  383.349701  0.00675423862  0.00853064656
  385.122742  0.00674398476  0.00847054087
  386.903961  0.00673020212  0.00840943679
  388.69339  0.00671532517  0.0083483588
  390.491119  0.00670074672  0.00828887057
  392.29718  0.00668638619  0.00823080447
  394.111572  0.00667172484  0.00817314815
  395.934357  0.00666232547  0.00811384525
  397.765594  0.00665361993  0.00805457123
  399.605286  0.00664502149  0.00799406599
  401.453491  0.00663917512  0.00792368595
  403.310211  0.00663286494  0.00785392337
  405.175537  0.00661906833  0.00778252678
  407.0495  0.00659610052  0.0077089495
  408.932159  0.00657299394  0.00763606606
  410.823486  0.00654480746  0.00756784808
  412.723602  0.00651489198  0.00750159472
  414.632477  0.006484841  0.00743613485
  416.550171  0.00645209197  0.00737555372
  418.476715  0.00641939836  0.00731546571
  420.412201  0.00638828333  0.00725816842
  422.356598  0.0063600135  0.00720558083
  424.310059  0.00633172458  0.00715337321
  426.272522  0.00630500866  0.00710202986
  428.24408  0.00627908716  0.00705130911
  430.224701  0.00625311164  0.00700095296
  432.214539  0.00623187609  0.0069515761
  434.213531  0.00621072529  0.00690257829
  436.221802  0.00618995028  0.00685294811
  438.239349  0.00617049495  0.00680089323
  440.266235  0.00615087431  0.00674923416
  442.302521  0.00613079686  0.00669587124
  444.348206  0.00611033523  0.00664130179
  446.40332  0.00608973252  0.00658717798
  448.467957  0.0060670157  0.00653301319
  450.542175  0.00604389282  0.00647921907
  452.625946  0.00602043979  0.00642606337
  454.71936  0.0059957006  0.00637431117
  456.822449  0.00597090833  0.00632297713
  458.935303  0.00594730815  0.00627298746
  461.057892  0.00592503278  0.00622444227
  463.190308  0.00590266427  0.00617627101
  465.332611  0.00588343386  0.00612846576
  467.484802  0.00586392218  0.00607823487
  469.646942  0.00584851624  0.00603176141
  471.819122  0.00582843041  0.00597727392
  474.001251  0.00581538118  0.00592002319
  476.193573  0.00579641014  0.00586204464
  478.395996  0.00577942235  0.00580847356
  480.608612  0.00575037347  0.00574509334
  482.831421  0.00572137209  0.00568240415
  485.064545  0.00568922376  0.00562246004
  487.308014  0.00565367891  0.0055654184
  489.561829  0.00561824441  0.00550916232
  491.826111  0.00558099058  0.00546055054
  494.100861  0.00554521522  0.00541187963
  496.386108  0.00550962612  0.00536364038
  498.681915  0.00547142886  0.00531102298
  500.988342  0.00542887719  0.00527023803
  503.30542  0.00538597163  0.00523036299
  505.63327  0.00534322811  0.00518760877
  507.971863  0.00529595139  0.00515087135
  510.321228  0.0052435915  0.00512371073
  512.681519  0.00518912217  0.00510069029
  515.052673  0.00513744541  0.00510213943
  517.434814  0.00511837751  0.00513535691
  519.828003  0.00512124924  0.00515311444
  522.232239  0.00513718184  0.00512881437
  524.647644  0.00514738867  0.00512304343
  527.074158  0.00518871471  0.00511122728
  529.511902  0.00523310155  0.0050509111
  531.960938  0.00525125628  0.00496986695
  534.421265  0.00524515659  0.00488568749
  536.893005  0.00522391777  0.0048067579
  539.37616  0.00519260205  0.00475440035
  541.870789  0.00516202766  0.00470634643
  544.377014  0.00513209915  0.0046619894
  546.894775  0.00512105227  0.00462534185
  549.424194  0.00510796625  0.0045849788
  551.965332  0.0051004733  0.00453863293
  554.518188  0.005097121  0.0044879117
  557.082886  0.00509062177  0.00442428701
  559.659424  0.00506049767  0.00434200512
  562.247864  0.00502084056  0.0042863288
  564.848267  0.00498508848  0.00423805742
  567.460754  0.0049497732  0.00419698283
  570.085266  0.00491913734  0.00416029571
  572.721985  0.00488386583  0.00411876244
  575.37085  0.00486652087  0.00407201517
  578.031982  0.004842564  0.00403632456
  580.705383  0.00480990252  0.00399048813
  583.391235  0.00478133326  0.00394809572
  586.089417  0.00475082872  0.00391042233
  588.800171  0.00472838851  0.0038760216
  591.523376  0.00469910121  0.00383400894
  594.259216  0.00465705432  0.00379528105
  597.00769  0.00464634644  0.00376217067
  599.76886  0.00461167749  0.00372275477
  602.542847  0.00458293455  0.0036892097
  605.329651  0.00454995455  0.00365987909
  608.129333  0.0045237327  0.00363402185
  610.941956  0.00449993415  0.00361377443
  613.767639  0.00447852956  0.00358928344
  616.606323  0.00447384268  0.00356318522
  619.458191  0.00446069194  0.00352277327
  622.323242  0.00444461592  0.00348085351
  625.201538  0.00443145726  0.0034374604
  628.093079  0.0044028461  0.00339893298
  630.998047  0.0043716738  0.00336577953
  633.916504  0.00434538908  0.00333107007
  636.848328  0.00433368329  0.00329534383
  639.793823  0.00432182429  0.00325999991
  642.75293  0.00428955955  0.00322911819
  645.725708  0.0042797192  0.00319161988
  648.712219  0.00426970143  0.00315455603
  651.712585  0.00424789684  0.00311443722
  654.726746  0.00420973729  0.00308071054
  657.754883  0.00417191954  0.00304734753
  660.797058  0.00414659968  0.00301734381
  663.853333  0.00413073646  0.00298233563
  666.923645  0.00410652393  0.00295041199
  670.00824  0.00407762686  0.00291397772
  673.107056  0.00405417057  0.00288107921
  676.220215  0.00403080042  0.00284855231
  679.347778  0.00400545262  0.00281639281
  682.489746  0.00397704588  0.00278355228
  685.646362  0.00395231089  0.00275440747
  688.817505  0.00392926019  0.0027234843
  692.003357  0.00390629889  0.00269290782
  695.203857  0.00387586281  0.00266289478
  698.41925  0.00384801254  0.00263652648
  701.649475  0.00381688005  0.00260800915
  704.894653  0.0037829529  0.00258154119
  708.154846  0.003770079  0.00258264737
  711.430115  0.00375371217  0.00254010549
  714.720459  0.00372575899  0.00251022889
  718.026123  0.00369622861  0.0024849074
  721.347046  0.00366860908  0.00247002556
  724.68335  0.00364440703  0.0024448859
  728.035034  0.00362849329  0.00242447644
  731.402283  0.00361353951  0.00240477384
  734.785034  0.00359878736  0.00238523213
  738.183472  0.0035828026  0.00236291531
  741.597595  0.00356527581  0.00233612582
  745.027527  0.00354864215  0.0023077873
  748.473328  0.00353201525  0.00227979175
  751.935059  0.00351248798  0.00225213007
  755.412842  0.00349285128  0.00222864561
  758.906677  0.0034784521  0.00220399979
  762.416626  0.00346088852  0.00217563636
  765.942871  0.00343342847  0.00215015491
  769.485352  0.00341834454  0.00212330278
  773.044312  0.00339865615  0.00209213397
  776.61969  0.00337878359  0.00206212979
  780.211609  0.00335760764  0.00203634426
  783.820129  0.00333653647  0.00201088097
  787.445374  0.00331524829  0.00198573759
  791.087341  0.00329369633  0.00196091039
  794.746155  0.00327226054  0.00193639344
  798.421936  0.00325074536  0.0019121801
  802.114685  0.00322928862  0.00188826921
  805.824463  0.00320793665  0.00186465762
  809.551453  0.00318647316  0.00184134499
  813.295654  0.00316513376  0.00181832339
  817.057251  0.00314384908  0.00179558853
  820.836182  0.00312257279  0.00177313515
  824.632568  0.00310142222  0.00175096316
  828.446594  0.00308030262  0.00172906835
  832.278137  0.00305926381  0.00170744921
  836.127563  0.00303835003  0.00168609968
  839.994629  0.00301750028  0.00166461361
  843.8797  0.00299677462  0.00164339005
  847.782715  0.002976052  0.00162241457
  851.703735  0.00295513729  0.00160164828
  855.642883  0.00293435575  0.00158114778
  859.600342  0.00291355187  0.00156090909
  863.57605  0.00289277197  0.00154092885
  867.570129  0.00287212757  0.00152120506
  871.582703  0.00285143778  0.00150173437
  875.61377  0.00283086207  0.00148251397
  879.663574  0.00281039253  0.00146353873
  883.732056  0.00278992648  0.00144480623
  887.819397  0.0027695992  0.00142631354
  891.925598  0.00274934736  0.00140805647
  896.050842  0.00272916909  0.0013900327
  900.195129  0.00270912959  0.00137223932
  904.358582  0.00268917321  0.00135467516
  908.541321  0.00266933953  0.00133733684
  912.743408  0.00264964579  0.00132021529
  916.964844  0.00263011456  0.0013032651
  921.205933  0.0026107179  0.00128653238
  925.466553  0.00259140343  0.00126983412
  929.746826  0.00257214485  0.00125308102
  934.046936  0.00255302107  0.00123654865
  938.367004  0.00253381906  0.00122023479
  942.70697  0.00251466478  0.00120413734
  947.067078  0.00249564741  0.00118825166
  951.447266  0.00247651525  0.00117257447
  955.847839  0.00245752395  0.00115710357
  960.268677  0.00243863114  0.00114183745
  964.709961  0.00241978467  0.00112677342
  969.171814  0.00240107835  0.001111908
  973.654297  0.002382437  0.00109723851
  978.157532  0.00236388715  0.00108276214
  982.68158  0.00234547746  0.00106847647
  987.226501  0.00232718117  0.00105438114
  991.79248  0.00230902061  0.00104047207
  996.379578  0.0022909937  0.00102674647
  1000.98792  0.00227309112  0.00101320143
  1005.61755  0.00225532358  0.000999835203
  1010.26862  0.00223765476  0.000986541621
  1014.9411  0.00222008699  0.000973328715
  1019.63531  0.00220265239  0.000960292353
  1024.3512  0.00218524248  0.000947161578
  1029.08887  0.00216794247  0.000934151409
  1033.84851  0.00215073838  0.00092131953
  1038.63013  0.00213339878  0.000908661925
  1043.43384  0.00211619656  0.000896178419
  1048.25977  0.00209905137  0.00088386581
  1053.10803  0.00208193669  0.000871722354
  1057.97876  0.00206495868  0.000859745836
  1062.87195  0.00204800651  0.000847935851
  1067.78784  0.00203115004  0.000836288731
  1072.72632  0.00201442698  0.000824801566
  1077.68787  0.0019977144  0.000813470164
  1082.67224  0.00198113918  0.000802294875
  1087.67957  0.00196465943  0.00079127308
  1092.71021  0.00194823439  0.000780403381
  1097.76404  0.00193194568  0.000769682636
  1102.84131  0.0019157225  0.000759109273
  1107.94202  0.00189959549  0.000748681196
  1113.06628  0.00188360305  0.000738396135
  1118.21436  0.00186764868  0.000728250598
  1123.38611  0.00185182272  0.000718244701
  1128.58179  0.001836107  0.000708376872
  1133.80151  0.00182045251  0.000698646996
  1139.04553  0.00180493016  0.00068905059
  1144.3136  0.00178949127  0.00067958585
  1149.60608  0.00177414331  0.000670250854
  1154.9231  0.00175892608  0.000661044091
  1160.26477  0.00174376892  0.000651961949
  1165.63098  0.00172872969  0.000643004663
  1171.02209  0.00171380746  0.000634170719
  1176.43823  0.00169894763  0.000625460292
  1181.87927  0.00168421643  0.000616869656
  1187.34558  0.00166958  0.000608395319
  1192.83716  0.00165503169  0.000600035011
  1198.354  0.00164061028  0.000591789954
  1203.89648  0.00162626361  0.000583660207
  1209.4646  0.00161202624  0.0005756428
  1215.05847  0.00159791007  0.00056773558
  1220.67822  0.00158386608  0.000559936452
  1226.32385  0.0015699456  0.000552244543
  1231.99573  0.00155613711  0.000544657756
  1237.69385  0.00154243305  0.000537174346
  1243.41821  0.00152884959  0.000529793848
  1249.16907  0.0015153609  0.000522445072
  1254.94666  0.00150197838  0.000515163643
  1260.75073  0.00148871448  0.000507983845
  1266.58179  0.00147543335  0.000500838622
  1272.43982  0.00146226643  0.000493791536
  1278.32495  0.00144918868  0.000486843928
  1284.2373  0.00143615296  0.000479994342
  1290.177  0.00142323435  0.000473241089
  1296.14404  0.00141037174  0.000466582656
  1302.13892  0.00139758002  0.000460017356
  1308.16138  0.00138490461  0.000453544722
  1314.21167  0.0013722704  0.000447162573
  1320.29004  0.00135974074  0.000440870033
  1326.39636  0.00134731131  0.000434666552
  1332.53113  0.00133492972  0.000428551517
  1338.69409  0.00132266188  0.000422522804
  1344.88562  0.00131046888  0.000416578056
  1351.10583  0.00129834795  0.000410716399
  1357.35474  0.00128633925  0.000404937164
  1363.63257  0.00127438211  0.000399239449
  1369.93958  0.00126251986  0.000393621885
  1376.27551  0.00125076191  0.00038808363
  1382.64099  0.00123904517  0.000382623955
  1389.03564  0.00122743845  0.000377241202
  1395.46008  0.0012159117  0.000371933304
  1401.91418  0.00120444898  0.000366699154
  1408.39819  0.00119309418  0.000361538725
  1414.91199  0.00118179654  0.00035645254
  1421.45618  0.00117058319  0.000351438328
  1428.0304  0.00115947658  0.000346494751
  1434.63513  0.00114840351  0.000341618317
  1441.27051  0.00113743567  0.000336810597
  1447.9364  0.00112655025  0.000332071097
  1454.63318  0.00111571664  0.000327399786
  1461.36096  0.00110498699  0.000322793931
  1468.11987  0.00109433988  0.000318251899
  1474.90991  0.00108378194  0.000313773053
  1481.73157  0.0010733254  0.000309357129
  1488.58459  0.00106290972  0.000304971152
  1495.46948  0.00105258857  0.000300643936
  1502.38611  0.00104234496  0.000296367827
  1509.33472  0.00103211554  0.000292113575
  1516.31543  0.00102198613  0.000287920324
  1523.32849  0.0010118942  0.000283788017
  1530.37402  0.00100184279  0.000279715547
  1537.45215  0.000991890789  0.00027570143
  1544.56287  0.000981958001  0.000271744444
  1551.70654  0.000972105772  0.000267844065
  1558.88342  0.00096234004  0.000263999682
  1566.09326  0.000952585309  0.000260211033
  1573.33655  0.000942928426  0.000256476691
  1580.61328  0.000933326141  0.000252795726
  1587.92383  0.000923762214  0.000249167206
  1595.26807  0.000914295379  0.000245590723
  1602.64624  0.000904849207  0.000242065653
  1610.05859  0.000895470323  0.000238591034
  1617.50525  0.000886184862  0.00023516643
  1624.98633  0.000876888749  0.000231791142
  1632.50195  0.000867688737  0.000228464298
  1640.05237  0.000858546584  0.000225185198
  1647.6377  0.000849424105  0.000221953276
  1655.25818  0.000840396679  0.000218767658
  1662.9137  0.000831388112  0.000215627937
  1670.60486  0.000822430011  0.000212533254
  1678.33154  0.000813566498  0.000209483012
  1686.09387  0.000804676965  0.000206476267
  1693.89233  0.000795873289  0.000203512522
  1701.72656  0.00078713207  0.000200591487
  1709.59717  0.000778382295  0.000197712434
  1717.50415  0.000769726816  0.000194874665
  1725.44763  0.000761097879  0.000192077801
  1733.42798  0.000752505613  0.00018932113
  1741.44519  0.000744007062  0.000186604055
  1749.49951  0.000735462236  0.000183898446
  1757.59106  0.000726985803  0.00018122702
  1765.71997  0.000718573574  0.000178590286
  1773.88647  0.000710081949  0.000175968031
  1782.09094  0.000701685436  0.000173384178
  1790.33313  0.000693283568  0.00017083851
  1798.61353  0.000684854575  0.000168330327
  1806.93225  0.000676521915  0.00016585899
  1815.28955  0.000668106135  0.000163423916
  1823.6853  0.00065972947  0.000161024625
  1832.12  0.000651435868  0.000158660579
  1840.59375  0.000642984756  0.000156331342
  1849.10645  0.000634634693  0.000154036577
  1857.65881  0.000626272988  0.000151774962
  1866.25037  0.000617814425  0.000149546322
  1874.88196  0.000609458133  0.000147350336
  1883.55347  0.000600966392  0.000145186947
  1892.26489  0.000592458178  0.000143055513
  1901.01685  0.000584055437  0.000140955352
  1909.80908  0.000575344195  0.000138885865
  1918.64221  0.000566727424  0.000136846735
  1927.51599  0.000558080268  0.000134837625
  1936.43091  0.000549158896  0.000132858113
  1945.38708  0.000540353823  0.000130907589
  1954.38464  0.000531285012  0.000128985674
  1963.42371  0.000522050948  0.000127091902
  1972.50464  0.000512941799  0.000125225924
  1981.62769  0.000503188756  0.000123387799
  1990.79285  0.000493459112  0.00012157669
  2000.00037  0.000483650336  0.000119792094
