 MgO Density=3.58
 Energy(eV), Delta, Beta
  200.  0.0148929842  0.00625484856
  200.925018  0.014772566  0.00617279252
  201.854294  0.0146537926  0.00609183731
  202.787903  0.0145365736  0.00601196429
  203.725784  0.0144202765  0.00593316508
  204.668045  0.0143054966  0.00585542014
  205.614639  0.0141943935  0.00577871688
  206.565613  0.0140841249  0.00570303993
  207.521011  0.0139746731  0.00562837301
  208.480804  0.0138666797  0.00555470539
  209.445053  0.0137597155  0.00548202265
  210.413742  0.0136535466  0.00541031221
  211.386917  0.0135480808  0.00533795031
  212.364578  0.0134433582  0.00526401028
  213.346786  0.0133394143  0.00519110635
  214.333527  0.0132362302  0.00511922594
  215.324829  0.0131333154  0.00504264329
  216.320724  0.013031166  0.00496704644
  217.321228  0.0129297851  0.0048925858
  218.326355  0.0128273461  0.00481925299
  219.336121  0.0127243027  0.00474702753
  220.350571  0.0126220696  0.00467588985
  221.36969  0.0125203459  0.00460582599
  222.393539  0.0124177244  0.00453682244
  223.422119  0.0123159345  0.00446885824
  224.455475  0.0122149633  0.00440191664
  225.493591  0.0121138291  0.00433597853
  226.536514  0.0120131532  0.00427103136
  227.584259  0.0119133061  0.00420705928
  228.636856  0.011813961  0.00414405251
  229.694321  0.0117146978  0.00408199243
  230.756668  0.0116162626  0.00402086694
  231.823914  0.0115186488  0.00396066206
  232.896133  0.0114210444  0.00390136288
  233.973282  0.0113241421  0.00384295708
  235.05542  0.0112280585  0.00378543022
  236.142563  0.0111323418  0.00372881768
  237.234741  0.0110366438  0.00367321447
  238.331955  0.0109417634  0.00361844501
  239.434265  0.0108476505  0.00356449257
  240.541672  0.0107540563  0.00351188122
  241.654175  0.0106613217  0.00346022844
  242.771866  0.0105693787  0.00340933492
  243.894699  0.0104780365  0.00335918716
  245.02272  0.0103876051  0.00330977631
  246.15596  0.0102979513  0.00326109305
  247.294449  0.0102089625  0.00321312668
  248.438187  0.0101204989  0.00316586765
  249.58725  0.0100328084  0.00311930152
  250.741608  0.00994587503  0.0030734234
  251.901291  0.00985945109  0.0030282205
  253.066345  0.00977374893  0.00298368325
  254.236786  0.00968878902  0.00293980236
  255.412674  0.0096044438  0.00289656734
  256.593964  0.00952068716  0.00285397074
  257.780731  0.00943765696  0.00281200022
  258.972992  0.00935534015  0.00277064764
  260.170746  0.00927352253  0.00272990391
  261.374054  0.00919241086  0.00268976018
  262.582916  0.00911200885  0.00265020574
  263.797363  0.00903218053  0.00261123478
  265.017456  0.00895295478  0.00257283309
  266.243195  0.00887441821  0.00253499742
  267.474579  0.00879658759  0.00249771937
  268.71167  0.00871948805  0.00246099057
  269.954468  0.0086430544  0.0024248024
  271.203003  0.00856729131  0.00238914718
  272.457367  0.00849219784  0.00235401886
  273.717499  0.00841774326  0.00231938553
  274.983459  0.00834393688  0.00228526117
  276.25528  0.0082707759  0.0022516381
  277.532959  0.00819823425  0.00221849489
  278.816589  0.0081262961  0.00218582386
  280.10611  0.00805499032  0.00215363526
  281.401642  0.00798453391  0.0021216271
  282.703125  0.00791463442  0.00209007552
  284.010651  0.00784534216  0.00205899263
  285.324219  0.00777674699  0.00202725106
  286.64386  0.00770878326  0.00199517701
  287.969604  0.00764137926  0.0019636075
  289.301453  0.00757435896  0.00193254009
  290.639526  0.00750687066  0.00190195814
  291.983734  0.00743992161  0.00187186128
  293.334167  0.00737356907  0.00184224045
  294.690857  0.00730739534  0.00181309006
  296.053833  0.00724164443  0.00178440183
  297.423096  0.00717645558  0.00175616797
  298.798706  0.00711171329  0.00172838022
  300.180664  0.0070472816  0.00170103193
  301.569  0.00698337471  0.00167411624
  302.963776  0.00692004571  0.00164762663
  304.365021  0.0068569975  0.00162155367
  305.772736  0.00679446338  0.00159589446
  307.186951  0.00673247175  0.00157064153
  308.607697  0.00667091599  0.00154578942
  310.035034  0.00660979515  0.00152133079
  311.468964  0.00654917257  0.00149725936
  312.909546  0.00648907945  0.00147356873
  314.35675  0.0064293351  0.0014502519
  315.810669  0.0063700946  0.00142730365
  317.271332  0.00631137285  0.00140471733
  318.738708  0.00625306694  0.00138249109
  320.212921  0.00619523227  0.00136061665
  321.693909  0.00613787072  0.00133908819
  323.181763  0.00608098926  0.00131789979
  324.676483  0.00602451107  0.00129704538
  326.178131  0.00596850226  0.00127652171
  327.686737  0.00591298891  0.00125632272
  329.202332  0.00585785974  0.00123644352
  330.724884  0.00580321113  0.00121687935
  332.254517  0.00574900629  0.00119762309
  333.791199  0.00569524989  0.00117867277
  335.335022  0.00564192841  0.00116002187
  336.885956  0.00558904326  0.00114166667
  338.444092  0.00553662283  0.00112360157
  340.009399  0.00548458891  0.0011058239
  341.58197  0.00543302111  0.00108832715
  343.161804  0.00538187008  0.00107110734
  344.748962  0.00533112977  0.00105415913
  346.343445  0.0052808295  0.00103747903
  347.945312  0.00523092924  0.00102106202
  349.554565  0.00518145552  0.00100490567
  351.171265  0.00513237529  0.000989005319
  352.795471  0.00508372998  0.000973356771
  354.427185  0.00503547303  0.000957956014
  356.066406  0.00498760492  0.000942798622
  357.713257  0.00494017545  0.000927880639
  359.367676  0.00489311107  0.000913198572
  361.029785  0.00484644715  0.000898748694
  362.699585  0.00480018836  0.000884527632
  364.377106  0.00475433236  0.000870530843
  366.062347  0.00470884051  0.000856756407
  367.755402  0.00466371095  0.000843200018
  369.456299  0.00461901259  0.000829858007
  371.16507  0.00457463879  0.00081672729
  372.881714  0.00453064265  0.0008038042
  374.606323  0.00448704557  0.000791085593
  376.338898  0.00444381917  0.000778568094
  378.079498  0.00440092105  0.00076624885
  379.828156  0.00435839314  0.000754124834
  381.584869  0.00431627501  0.000742192671
  383.349701  0.00427444372  0.000730443222
  385.122742  0.00423296448  0.000718877825
  386.903961  0.00419187453  0.00070749619
  388.69339  0.00415111799  0.000696288596
  390.491119  0.00411065342  0.000685250794
  392.29718  0.00407055393  0.000674388488
  394.111572  0.00403084513  0.000663698418
  395.934357  0.00399135659  0.000653175986
  397.765594  0.00395221869  0.000642819388
  399.605286  0.00391346216  0.000632627052
  401.453491  0.00387499668  0.000622595428
  403.310211  0.00383679685  0.000612723466
  405.175537  0.00379895535  0.000603007327
  407.0495  0.00376148545  0.000593445555
  408.932159  0.00372418202  0.000584034366
  410.823486  0.00368722994  0.000574772654
  412.723602  0.00365064177  0.000565657683
  414.632477  0.00361430156  0.000556687708
  416.550171  0.00357821002  0.000547860574
  418.476715  0.00354247284  0.000539173605
  420.412201  0.00350707886  0.000530624297
  422.356598  0.00347181107  0.000522210554
  424.310059  0.00343690231  0.000513929233
  426.272522  0.00340234232  0.00050577987
  428.24408  0.00336797466  0.000497759494
  430.224701  0.0033338787  0.000489866652
  432.214539  0.00330012967  0.000482098927
  434.213531  0.00326669193  0.000474454398
  436.221802  0.00323329633  0.000466863567
  438.239349  0.00320021785  0.000459321251
  440.266235  0.00316747441  0.00045190088
  442.302521  0.00313484599  0.00044458959
  444.348206  0.00310237217  0.000437250477
  446.40332  0.00307023036  0.000430032553
  448.467957  0.00303836237  0.000422933867
  450.542175  0.00300643942  0.000415952847
  452.625946  0.00297482661  0.000409086904
  454.71936  0.00294354092  0.000402334292
  456.822449  0.00291224499  0.000395693758
  458.935303  0.00288103241  0.000389163004
  461.057892  0.0028501479  0.000382740196
  463.190308  0.00281948666  0.000376423326
  465.332611  0.00278864382  0.000370210852
  467.484802  0.00275812065  0.00036410123
  469.646942  0.00272792298  0.000358092424
  471.819122  0.00269755698  0.000352182367
  474.001251  0.00266730343  0.000346369605
  476.193573  0.00263737678  0.000340652681
  478.395996  0.0026075819  0.00033503017
  480.608612  0.00257743476  0.000329501141
  482.831421  0.00254762196  0.000324063381
  485.064545  0.00251813931  0.00031871532
  487.308014  0.00248814793  0.000313455617
  489.561829  0.00245821476  0.00030828279
  491.826111  0.00242862012  0.000303195062
  494.100861  0.0023989568  0.000298191444
  496.386108  0.00236855936  0.000293270044
  498.681915  0.00233851816  0.000288429932
  500.988342  0.00230882922  0.000283669709
  503.30542  0.00227780803  0.000278988155
  505.63327  0.00224673562  0.000274383812
  507.971863  0.00221604202  0.000269855489
  510.321228  0.00218466693  0.000265401992
  512.681519  0.00215144898  0.000261021632
  515.052673  0.00211865897  0.000256713887
  517.434814  0.00208628969  0.000252477243
  519.828003  0.00204933528  0.000248310476
  522.232239  0.00201195595  0.00024421257
  524.647644  0.00197509024  0.000240182257
  527.074158  0.00193342182  0.000236218606
  529.511902  0.00188319711  0.000232320424
  531.960938  0.00183373236  0.000228486577
  534.421265  0.00178503245  0.00022471312
  536.893005  0.00156810996  0.000220983376
  539.37616  0.00133387349  0.000217315755
  541.870789  0.00110380794  0.000213708947
  544.377014  0.00121897284  0.000728868181
  546.894775  0.00138172647  0.0007168827
  549.424194  0.00154138729  0.00070509495
  551.965332  0.00169790804  0.000693510112
  554.518188  0.00172480592  0.000682134181
  557.082886  0.00174218032  0.000670945446
  559.659424  0.00175909011  0.000659940823
  562.247864  0.00176953583  0.000649315305
  564.848267  0.00177260092  0.000638889091
  567.460754  0.00177546183  0.000628629758
  570.085266  0.00177814823  0.000618535851
  572.721985  0.00177541631  0.000608688453
  575.37085  0.00177247694  0.000598999846
  578.031982  0.00176944223  0.00058946549
  580.705383  0.00176486827  0.000580094638
  583.391235  0.0017588007  0.000570883974
  586.089417  0.00175269635  0.000561819936
  588.800171  0.00174651085  0.000552899903
  591.523376  0.0017385364  0.000544134935
  594.259216  0.00173056067  0.000535508851
  597.00769  0.00172258378  0.000527019787
  599.76886  0.00171392551  0.000518664485
  602.542847  0.00170472718  0.000510441139
  605.329651  0.00169555354  0.000502348295
  608.129333  0.00168633659  0.00049438409
  610.941956  0.00167633116  0.000486545265
  613.767639  0.00166636694  0.000478830741
  616.606323  0.00165644218  0.000471238571
  619.458191  0.00164617109  0.000463760749
  622.323242  0.00163568731  0.000456398353
  625.201538  0.00162525743  0.000449153013
  628.093079  0.00161482103  0.000442012126
  630.998047  0.00160402805  0.000434901332
  633.916504  0.00159329677  0.000427904946
  636.848328  0.00158262311  0.000421021017
  639.793823  0.00157171371  0.000414162496
  642.75293  0.00156070793  0.000407368614
  645.725708  0.00154977071  0.000400686084
  648.712219  0.00153881719  0.000394098519
  651.712585  0.00152751559  0.000387550332
  654.726746  0.00151629222  0.000381111138
  657.754883  0.0015051401  0.000374777475
  660.797058  0.00149376749  0.00036854847
  663.853333  0.00148234225  0.00036242287
  666.923645  0.00147099851  0.000356399221
  670.00824  0.00145965675  0.000350519636
  673.107056  0.00144811219  0.000344902364
  676.220215  0.00143665634  0.000339375139
  679.347778  0.00142528466  0.000333936419
  682.489746  0.00141393521  0.000328698137
  685.646362  0.00140265026  0.000323582353
  688.817505  0.00139145961  0.000318546692
  692.003357  0.00138036592  0.000313597353
  695.203857  0.00136937317  0.000308748276
  698.41925  0.00135846669  0.00030397324
  701.649475  0.00134765264  0.00029926619
  704.894653  0.00133687851  0.000294525904
  708.154846  0.00132617587  0.000289830845
  711.430115  0.00131554436  0.000285160844
  714.720459  0.00130492984  0.000280521694
  718.026123  0.00129425502  0.000275895814
  721.347046  0.00128365727  0.000271346536
  724.68335  0.00127312692  0.000266872405
  728.035034  0.00126256282  0.000262475078
  731.402283  0.00125205994  0.000258150918
  734.785034  0.00124160154  0.000253898237
  738.183472  0.00123118912  0.00024971526
  741.597595  0.00122079451  0.000245600502
  745.027527  0.00121048314  0.000241553687
  748.473328  0.00120025454  0.000237573549
  751.935059  0.00119003444  0.00023365776
  755.412842  0.00117988745  0.000229805082
  758.906677  0.00116980763  0.000226003394
  762.416626  0.00115979009  0.000222259958
  765.942871  0.00114982098  0.000218571178
  769.485352  0.00113991636  0.000214935077
  773.044312  0.0011300866  0.000211355509
  776.61969  0.00112028141  0.000207798963
  780.211609  0.00111053593  0.000204299024
  783.820129  0.00110082235  0.000200858005
  787.445374  0.00109114847  0.000197461239
  791.087341  0.00108150207  0.000194104374
  794.746155  0.00107195706  0.000190889346
  798.421936  0.00106249854  0.000187741331
  802.114685  0.00105304574  0.000184645018
  805.824463  0.0010436835  0.000181605108
  809.551453  0.00103441614  0.000178621689
  813.295654  0.00102519756  0.00017568731
  817.057251  0.00101602578  0.000172801141
  820.836182  0.00100695004  0.000169962397
  824.632568  0.00099795498  0.000167170336
  828.446594  0.00098897703  0.000164423909
  832.278137  0.000980105484  0.000161722797
  836.127563  0.000971328118  0.000159065996
  839.994629  0.000962595805  0.000156467489
  843.8797  0.000953916751  0.000153906425
  847.782715  0.000945333682  0.00015132346
  851.703735  0.000936826051  0.000148785373
  855.642883  0.000928360329  0.000146316626
  859.600342  0.00091990293  0.000143821584
  863.57605  0.000911506009  0.000141353274
  867.570129  0.000903183711  0.000138941745
  871.582703  0.000894918339  0.000136581904
  875.61377  0.00088670227  0.000134262737
  879.663574  0.00087856024  0.000131983456
  883.732056  0.000870484277  0.000129743436
  887.819397  0.000862440735  0.000127541891
  891.925598  0.000854470883  0.000125378225
  896.050842  0.000846568902  0.000123251812
  900.195129  0.000838704815  0.000121178004
  904.358582  0.000830889738  0.000119151206
  908.541321  0.000823147013  0.000117158677
  912.743408  0.000815470819  0.000115200579
  916.964844  0.000807855744  0.000113279464
  921.205933  0.000800311507  0.000111390618
  925.466553  0.000792832871  0.000109501641
  929.746826  0.000785403943  0.000107629181
  934.046936  0.00077803852  0.000105788873
  938.367004  0.000770735205  0.000103978025
  942.70697  0.000763462565  0.000102189209
  947.067078  0.000756241381  0.000100431287
  951.447266  0.000749088824  9.87037565E-05
  955.847839  0.000741979457  9.69992761E-05
  960.268677  0.000734898553  9.53217823E-05
  964.709961  0.000727882842  9.36734286E-05
  969.171814  0.000720927899  9.20536404E-05
  973.654297  0.000714010559  9.04618355E-05
  978.157532  0.000707151194  8.88976429E-05
  982.68158  0.000700357603  8.73606186E-05
  987.226501  0.000693609472  8.58504281E-05
  991.79248  0.000686892541  8.43615635E-05
  996.379578  0.000680240453  8.28986522E-05
  1000.98792  0.000673647679  8.14615123E-05
  1005.61755  0.000667077897  8.00293055E-05
  1010.26862  0.000660559628  7.86133969E-05
  1014.9411  0.000654104806  7.72228595E-05
  1019.63531  0.000647688517  7.5863878E-05
  1024.3512  0.0006412933  7.45307188E-05
  1029.08887  0.000634960947  7.32212866E-05
  1033.84851  0.000628688955  7.19333038E-05
  1038.63013  0.000622417836  7.06645515E-05
  1043.43384  0.000616200501  6.94184782E-05
  1048.25977  0.000610044692  6.81945676E-05
  1053.10803  0.000603913097  6.69876681E-05
  1057.97876  0.000597812119  6.58015197E-05
  1062.87195  0.000591772376  6.46366461E-05
  1067.78784  0.00058578531  6.34925309E-05
  1072.72632  0.000579787942  6.23686574E-05
  1077.68787  0.00057385111  6.12648801E-05
  1082.67224  0.000567974523  6.01808788E-05
  1087.67957  0.000562100438  5.91149837E-05
  1092.71021  0.000556258077  5.80674641E-05
  1097.76404  0.00055047567  5.70386837E-05
  1102.84131  0.000544728886  5.60241388E-05
  1107.94202  0.000538968539  5.50137374E-05
  1113.06628  0.000533268088  5.40219589E-05
  1118.21436  0.000527626718  5.30484176E-05
  1123.38611  0.000521943264  5.20931135E-05
  1128.58179  0.000516298518  5.11554026E-05
  1133.80151  0.000510713435  5.02349285E-05
  1139.04553  0.000505129108  4.93313273E-05
  1144.3136  0.000499520742  4.84443117E-05
  1149.60608  0.000493972795  4.75735724E-05
  1154.9231  0.000488484511  4.67188038E-05
  1160.26477  0.000482884701  4.58795257E-05
  1165.63098  0.000477345719  4.50556872E-05
  1171.02209  0.000471867766  4.42469318E-05
  1176.43823  0.000466319849  4.34529393E-05
  1181.87927  0.000460740936  4.2673455E-05
  1187.34558  0.000455225032  4.19082317E-05
  1192.83716  0.000449721061  4.11578731E-05
  1198.354  0.000444034726  4.04253005E-05
  1203.89648  0.000438414689  3.97059666E-05
  1209.4646  0.000432860397  3.89996094E-05
  1215.05847  0.000427044957  3.83086626E-05
  1220.67822  0.000421197241  3.76309217E-05
  1226.32385  0.000415420946  3.69653462E-05
  1231.99573  0.000409471366  3.63115614E-05
  1237.69385  0.00040314428  3.56680503E-05
  1243.41821  0.000396898889  3.5036097E-05
  1249.16907  0.000390734232  3.44154869E-05
  1254.94666  0.000383386126  3.38049831E-05
  1260.75073  0.00037605784  3.32047857E-05
  1266.58179  0.000368831737  3.26153713E-05
  1272.43982  0.000359623722  3.20362451E-05
  1278.32495  0.000348710426  3.14655554E-05
  1284.2373  0.000337967271  3.09051611E-05
  1290.177  0.000323043932  3.03548586E-05
  1296.14404  0.000275875791  2.98145023E-05
  1302.13892  0.000229545389  2.92838868E-05
  1308.16138  0.000264006114  0.000119897093
  1314.21167  0.000288312323  0.000117968324
  1320.29004  0.000312146876  0.000116070623
  1326.39636  0.000329889619  0.000114202499
  1332.53113  0.000332859549  0.000112361784
  1338.69409  0.000335744524  0.000110550827
  1344.88562  0.000338547456  0.000108769062
  1351.10583  0.000339287304  0.000107016123
  1357.35474  0.000339688006  0.000105291503
  1363.63257  0.000340050727  0.000103594786
  1369.93958  0.00033994281  0.000101925463
  1376.27551  0.000339297054  0.00010028317
  1382.64099  0.000338632963  9.86672894E-05
  1389.03564  0.000337927806  9.70774636E-05
  1395.46008  0.000336712314  9.55128926E-05
  1401.91418  0.000335489894  9.39735619E-05
  1408.39819  0.000334260199  9.24589694E-05
  1414.91199  0.000332816038  9.09688097E-05
  1421.45618  0.000331251329  8.95026387E-05
  1428.0304  0.000329686271  8.80602529E-05
  1434.63513  0.000328070775  8.66411938E-05
  1441.27051  0.000326282956  8.52451558E-05
  1447.9364  0.000324500172  8.38715132E-05
  1454.63318  0.000322722248  8.25197276E-05
  1461.36096  0.000320817489  8.11900536E-05
  1468.11987  0.000318890321  7.9881931E-05
  1474.90991  0.000316970574  7.85942902E-05
  1481.73157  0.000315008947  7.73275679E-05
  1488.58459  0.000312983175  7.60817347E-05
  1495.46948  0.00031096756  7.48551029E-05
  1502.38611  0.000308961724  7.36466973E-05
  1509.33472  0.000306872855  7.24584679E-05
  1516.31543  0.000304795394  7.12894689E-05
  1523.32849  0.000302727829  7.01391036E-05
  1530.37402  0.000300628104  6.90072557E-05
  1537.45215  0.000298510044  6.78936121E-05
  1544.56287  0.000296404876  6.67980712E-05
  1551.70654  0.000294301688  6.57203273E-05
  1558.88342  0.000292160985  6.46600602E-05
  1566.09326  0.000290034863  6.36169425E-05
  1573.33655  0.000287922041  6.25904868E-05
  1580.61328  0.000285785034  6.15806493E-05
  1587.92383  0.000283650821  6.05871392E-05
  1595.26807  0.000281531247  5.96096725E-05
  1602.64624  0.000279411324  5.86479837E-05
  1610.05859  0.000277279207  5.77017381E-05
  1617.50525  0.000275162631  5.67708266E-05
  1624.98633  0.000273060752  5.58549873E-05
  1632.50195  0.00027094144  5.49541073E-05
  1640.05237  0.000268835807  5.40677793E-05
  1647.6377  0.000266745687  5.31957267E-05
  1655.25818  0.000264655158  5.23376802E-05
  1662.9137  0.000262566522  5.14934654E-05
  1670.60486  0.000260493805  5.06628676E-05
  1678.33154  0.000258433691  4.98456684E-05
  1686.09387  0.000256368337  4.90416314E-05
  1693.89233  0.000254319049  4.82505275E-05
  1701.72656  0.00025228571  4.74722474E-05
  1709.59717  0.000250258192  4.67061654E-05
  1717.50415  0.00024824249  4.59522998E-05
  1725.44763  0.000246242766  4.52105669E-05
  1733.42798  0.000244252413  4.44758298E-05
  1741.44519  0.000242263268  4.37430754E-05
  1749.49951  0.000240290028  4.30223954E-05
  1757.59106  0.000238332053  4.23134334E-05
  1765.71997  0.000236367981  4.1614152E-05
  1773.88647  0.000234417021  4.09261811E-05
  1782.09094  0.000232481878  4.02495316E-05
  1790.33313  0.000230552396  3.95830102E-05
  1798.61353  0.000228628094  3.89264787E-05
  1806.93225  0.000226719698  3.82808503E-05
  1815.28955  0.000224825679  3.76459029E-05
  1823.6853  0.000222931922  3.70214111E-05
  1832.12  0.000221053939  3.64072766E-05
  1840.59375  0.000219191599  3.58033103E-05
  1849.10645  0.000217335852  3.52094794E-05
  1857.65881  0.000215491076  3.46254601E-05
  1866.25037  0.0002136619  3.40511724E-05
  1874.88196  0.000211845007  3.34863835E-05
  1883.55347  0.000210034312  3.29309405E-05
  1892.26489  0.000208239042  3.23847198E-05
  1901.01685  0.000206458935  3.18475577E-05
  1909.80908  0.000204685435  3.1319385E-05
  1918.64221  0.000202925337  3.07999871E-05
  1927.51599  0.000201180315  3.02892076E-05
  1936.43091  0.000199446367  2.97868828E-05
  1945.38708  0.000197722082  2.92928198E-05
  1954.38464  0.000196012625  2.88069841E-05
  1963.42371  0.000194317821  2.83292084E-05
  1972.50464  0.000192627136  2.78592652E-05
  1981.62769  0.000190951119  2.73971218E-05
  1990.79285  0.00018928964  2.69426455E-05
  2000.00037  0.000187640864  2.64961291E-05
