 Si3N4 Density=3.44
 Energy(eV), Delta, Beta
  200.  0.0120907463  0.00743351271
  200.925018  0.0120097669  0.00734268269
  201.854294  0.0119283339  0.00725425547
  202.787903  0.0118466066  0.00716814259
  203.725784  0.0117653804  0.00708306441
  204.668045  0.0116846329  0.00699904747
  205.614639  0.0116061689  0.00691745337
  206.565613  0.0115281604  0.00683682226
  207.521011  0.0114506017  0.00675714016
  208.480804  0.0113740284  0.00667840056
  209.445053  0.0112984208  0.00660059135
  210.413742  0.0112232435  0.00652369997
  211.386917  0.0111484751  0.00644771475
  212.364578  0.0110746678  0.0063726278
  213.346786  0.0110012712  0.00629842235
  214.333527  0.0109282825  0.00622509466
  215.324829  0.0108571369  0.00615262752
  216.320724  0.0107874079  0.00608101254
  217.321228  0.0107180448  0.00601023948
  218.326355  0.0106492825  0.0059401202
  219.336121  0.0105828783  0.00586956134
  220.350571  0.0105167944  0.00579984672
  221.36969  0.0104510151  0.0057309526
  222.393539  0.0103844041  0.00565794623
  223.422119  0.0103175659  0.00558323693
  224.455475  0.0102510797  0.00550951669
  225.493591  0.0101842387  0.00543677481
  226.536514  0.010114897  0.00536499405
  227.584259  0.0100459708  0.00529416511
  228.636856  0.00997742731  0.00522427727
  229.694321  0.00990800746  0.00515531469
  230.756668  0.00983850285  0.00508726714
  231.823914  0.0097694397  0.00502012344
  232.896133  0.00970047619  0.00495386869
  233.973282  0.00963107497  0.00488849357
  235.05542  0.00956213009  0.00482398551
  236.142563  0.00949360244  0.00476033241
  237.234741  0.00942484848  0.00469752727
  238.331955  0.00935635902  0.00463555427
  239.434265  0.00928833336  0.00457440177
  240.541672  0.00922053773  0.00451405998
  241.654175  0.00915285572  0.0044545182
  242.771866  0.00908563565  0.00439576479
  243.894699  0.00901883747  0.00433778996
  245.02272  0.00895290729  0.00428058021
  246.15596  0.00888757501  0.00422412809
  247.294449  0.00882268697  0.00416842429
  248.438187  0.00875787437  0.00411270745
  249.58725  0.00869292766  0.00405603135
  250.741608  0.00862843543  0.00400014268
  251.901291  0.00856433995  0.00394502562
  253.066345  0.00849913899  0.00389035698
  254.236786  0.00843411312  0.00383638195
  255.412674  0.00836956128  0.0037831564
  256.593964  0.00830497965  0.00373067101
  257.780731  0.00824018568  0.0036789123
  258.972992  0.00817588065  0.00362787349
  260.170746  0.00811199751  0.00357754529
  261.374054  0.00804780703  0.00352791999
  262.582916  0.00798401423  0.00347898318
  263.797363  0.00792071223  0.0034307302
  265.017456  0.00785749033  0.00338314287
  266.243195  0.00779437181  0.00333621702
  267.474579  0.00773175061  0.00328994426
  268.71167  0.00766954012  0.00324431504
  269.954468  0.00760723278  0.00319932075
  271.203003  0.00754538318  0.00315495231
  272.457367  0.00748402439  0.00311119994
  273.717499  0.00742276805  0.00306805549
  274.983459  0.00736174127  0.00302551221
  276.25528  0.00730120996  0.00298356079
  277.532959  0.00724106934  0.00294219307
  278.816589  0.00718094409  0.00290140021
  280.10611  0.00712130172  0.00286117545
  281.401642  0.00706214644  0.00282150903
  282.703125  0.00700310571  0.00278239325
  284.010651  0.00694439514  0.0027438195
  285.324219  0.00688617351  0.00270578265
  286.64386  0.0068283095  0.00266827317
  287.969604  0.00677059358  0.00263128569
  289.301453  0.00671336195  0.00259481533
  290.639526  0.00665660342  0.00255884766
  291.983734  0.00660006655  0.0025233815
  293.334167  0.00654401025  0.002488408
  294.690857  0.00648842752  0.00245391997
  296.053833  0.00643315352  0.00241987989
  297.423096  0.0063780779  0.00238578091
  298.798706  0.00632347167  0.0023521632
  300.180664  0.00626931107  0.00231902045
  301.569  0.00621508248  0.00228609284
  302.963776  0.00616113376  0.00225345115
  304.365021  0.00610765349  0.00222127466
  305.772736  0.0060544163  0.00218956009
  307.186951  0.006001011  0.00215830025
  308.607697  0.00594807556  0.00212748745
  310.035034  0.00589557085  0.00209709187
  311.468964  0.00584304333  0.00206694915
  312.909546  0.00579086132  0.00203724182
  314.35675  0.00573914638  0.00200796314
  315.810669  0.00568749849  0.00197902368
  317.271332  0.00563588087  0.00195045362
  318.738708  0.0055847331  0.00192230032
  320.212921  0.00553395366  0.00189455552
  321.693909  0.00548299123  0.00186721666
  323.181763  0.00543242972  0.0018402756
  324.676483  0.00538233574  0.00181372638
  326.178131  0.00533227064  0.00178756204
  327.686737  0.00528233917  0.0017617764
  329.202332  0.00523287477  0.00173636503
  330.724884  0.00518374378  0.00171132304
  332.254517  0.00513444841  0.00168664334
  333.791199  0.00508558005  0.00166232302
  335.335022  0.00503717409  0.0016383559
  336.885956  0.0049886764  0.00161473628
  338.444092  0.00494036637  0.00159145996
  340.009399  0.00489252387  0.00156852102
  341.58197  0.00484493468  0.00154591491
  343.161804  0.00479712104  0.00152363686
  344.748962  0.00474975957  0.0015016814
  346.343445  0.00470286375  0.00148004445
  347.945312  0.00465566665  0.00145872077
  349.554565  0.00460870657  0.00143770745
  351.171265  0.00456221588  0.0014169988
  352.795471  0.004515843  0.00139659073
  354.427185  0.00446917256  0.00137647695
  356.066406  0.00442299573  0.0013566548
  357.713257  0.00437728921  0.00133711973
  359.367676  0.00433100248  0.00131786929
  361.029785  0.00428519864  0.00129889871
  362.699585  0.0042398707  0.00128020276
  364.377106  0.00419439189  0.0012617805
  366.062347  0.0041483026  0.00124249619
  367.755402  0.00410272507  0.00122331281
  369.456299  0.00405763509  0.00120442628
  371.16507  0.00401067454  0.00118570589
  372.881714  0.00396342948  0.00116706919
  374.606323  0.00391671434  0.00114872609
  376.338898  0.00386923924  0.00113067194
  378.079498  0.00381971803  0.001112903
  379.828156  0.00377071835  0.00109541405
  381.584869  0.00372229679  0.00107820053
  383.349701  0.00366983749  0.00106125802
  385.122742  0.00361740938  0.00104458129
  386.903961  0.00356563739  0.00102816848
  388.69339  0.00351093779  0.00101201399
  390.491119  0.00345204584  0.000996113056
  392.29718  0.00339392666  0.000980462297
  394.111572  0.00333658443  0.000965058105
  395.934357  0.00326371985  0.000949896697
  397.765594  0.00319101894  0.000934973999
  399.605286  0.00311937905  0.000920286577
  401.453491  0.00301987445  0.000905829773
  403.310211  0.00289024273  0.000891601667
  405.175537  0.0027627151  0.000877596263
  407.0495  0.00263729692  0.000863812049
  408.932159  0.00190565421  0.000850244483
  410.823486  0.00182677235  0.00180791854
  412.723602  0.0024008269  0.0017801834
  414.632477  0.00270899734  0.00175287412
  416.550171  0.00277962978  0.00172598404
  418.476715  0.00284873601  0.00169950665
  420.412201  0.00291429716  0.00167343521
  422.356598  0.00293487334  0.00164776354
  424.310059  0.00295478641  0.00162248441
  426.272522  0.00297408155  0.00159759435
  428.24408  0.00298467046  0.00157308578
  430.224701  0.00298862834  0.00154895417
  432.214539  0.00299226074  0.00152519252
  434.213531  0.0029949348  0.00150179549
  436.221802  0.00299090194  0.00147875724
  438.239349  0.00298666093  0.0014560722
  440.266235  0.00298224576  0.00143373513
  442.302521  0.0029750953  0.00141173997
  444.348206  0.00296618673  0.00139008416
  446.40332  0.00295719062  0.00136876048
  448.467957  0.00294773257  0.00134776393
  450.542175  0.00293581793  0.00132708834
  452.625946  0.00292386673  0.00130673044
  454.71936  0.00291188736  0.00128668465
  456.822449  0.00289860368  0.001266937
  458.935303  0.0028846811  0.00124744454
  461.057892  0.00287077087  0.00122825243
  463.190308  0.00285661011  0.00120935519
  465.332611  0.00284123537  0.00119059323
  467.484802  0.0028258739  0.001172057
  469.646942  0.00281055504  0.00115380948
  471.819122  0.00279446528  0.00113584695
  474.001251  0.00277798716  0.00111816567
  476.193573  0.00276157469  0.00110075925
  478.395996  0.00274503138  0.00108362397
  480.608612  0.00272781285  0.00106675411
  482.831421  0.00271065254  0.00105014723
  485.064545  0.00269357674  0.00103379891
  487.308014  0.00267604389  0.001017706
  489.561829  0.00265838485  0.00100186432
  491.826111  0.00264082523  0.000986268744
  494.100861  0.00262320717  0.000970916706
  496.386108  0.00260523194  0.000955803029
  498.681915  0.00258735311  0.00094092486
  500.988342  0.00256958324  0.000926278473
  503.30542  0.00255153026  0.000911861018
  505.63327  0.00253346073  0.000897667545
  507.971863  0.00251550809  0.00088369532
  510.321228  0.00249754707  0.000869940792
  512.681519  0.00247940538  0.000856400467
  515.052673  0.00246137939  0.000843071903
  517.434814  0.00244347565  0.000829950848
  519.828003  0.0024254031  0.000817033637
  522.232239  0.00240738061  0.000804317126
  524.647644  0.00238948455  0.000791798637
  527.074158  0.0023716141  0.000779475318
  529.511902  0.00235366891  0.000767344085
  531.960938  0.00233585015  0.000755402085
  534.421265  0.00231816014  0.000743646
  536.893005  0.00230038702  0.000732072222
  539.37616  0.00228270353  0.000720679411
  541.870789  0.00226515089  0.000709463959
  544.377014  0.00224765507  0.000698423071
  546.894775  0.00223016716  0.000687554188
  549.424194  0.0022128094  0.00067685463
  551.965332  0.00219558226  0.000666321837
  554.518188  0.00217838865  0.00065595319
  557.082886  0.00216131145  0.000645746011
  559.659424  0.00214436441  0.000635697739
  562.247864  0.00212751282  0.000625701214
  564.848267  0.00211074599  0.000615739264
  567.460754  0.00209410675  0.000605935231
  570.085266  0.00207759556  0.000596287893
  572.721985  0.00206094515  0.000586646202
  575.37085  0.0020444335  0.00057715748
  578.031982  0.00202805107  0.000567822193
  580.705383  0.00201166421  0.000558636151
  583.391235  0.00199527363  0.000549498887
  586.089417  0.00197901507  0.000540511101
  588.800171  0.00196288223  0.000531669823
  591.523376  0.00194668409  0.000522940769
  594.259216  0.00193058793  0.000514327141
  597.00769  0.00191462343  0.000505855598
  599.76886  0.00189870736  0.000497523346
  602.542847  0.00188279513  0.000489328173
  605.329651  0.00186701491  0.000481267954
  608.129333  0.00185135717  0.000473340595
  610.941956  0.00183569267  0.000465544435
  613.767639  0.00182014226  0.000457876595
  616.606323  0.00180472294  0.000450335239
  619.458191  0.00178936729  0.00044291743
  622.323242  0.00177407311  0.00043562206
  625.201538  0.00175890862  0.000428446918
  628.093079  0.00174386252  0.000421390083
  630.998047  0.00172884541  0.000414449489
  633.916504  0.00171394576  0.000407623127
  636.848328  0.00169917499  0.000400909397
  639.793823  0.00168447488  0.000394305971
  642.75293  0.00166985416  0.00038781148
  645.725708  0.00165536022  0.000381423946
  648.712219  0.00164098002  0.000375141477
  651.712585  0.00162664987  0.000368962908
  654.726746  0.00161243847  0.000362886291
  657.754883  0.00159835059  0.000356909644
  660.797058  0.00158433733  0.000351031282
  663.853333  0.00157040905  0.000345249544
  666.923645  0.00155660324  0.000339563121
  670.00824  0.00154290628  0.000333970384
  673.107056  0.00152927369  0.000328469876
  676.220215  0.00151575706  0.000323060114
  679.347778  0.00150235975  0.000317739177
  682.489746  0.00148902892  0.000312506716
  685.646362  0.0014757571  0.000307359762
  688.817505  0.00146260404  0.000302297994
  692.003357  0.00144955621  0.000297319348
  695.203857  0.00143657927  0.000292471639
  698.41925  0.00142371422  0.000287717558
  701.649475  0.00141096441  0.000283040747
  704.894653  0.00139830878  0.000278449123
  708.154846  0.00138578517  0.000273953425
  711.430115  0.00137337332  0.000269530283
  714.720459  0.00136106263  0.000265178533
  718.026123  0.00134885288  0.000260896515
  721.347046  0.00133675605  0.000256683794
  724.68335  0.00132476748  0.000252539059
  728.035034  0.00131286297  0.000248461438
  731.402283  0.00130106346  0.000244449853
  734.785034  0.00128937012  0.000240503054
  738.183472  0.00127777248  0.000236619962
  741.597595  0.00126626808  0.000232799663
  745.027527  0.00125486776  0.00022904099
  748.473328  0.00124357024  0.000225342854
  751.935059  0.00123236631  0.000221704424
  755.412842  0.00122126541  0.000218124696
  758.906677  0.0012102644  0.000214602784
  762.416626  0.00119935803  0.000211129969
  765.942871  0.00118854805  0.000207701392
  769.485352  0.00117783609  0.000204328506
  773.044312  0.00116722065  0.000201010393
  776.61969  0.00115667772  0.000197717134
  780.211609  0.00114623329  0.000194475273
  783.820129  0.00113588327  0.000191286425
  787.445374  0.00112560857  0.000188143618
  791.087341  0.00111543341  0.000185025856
  794.746155  0.00110535172  0.000181958836
  798.421936  0.00109536084  0.000178942675
  802.114685  0.00108541211  0.000175953726
  805.824463  0.00107553741  0.000172990069
  809.551453  0.00106575224  0.000170076324
  813.295654  0.00105604378  0.000167211736
  817.057251  0.00104638783  0.000164395547
  820.836182  0.00103682047  0.000161626813
  824.632568  0.00102734042  0.000158904717
  828.446594  0.00101791718  0.000156228227
  832.278137  0.00100857578  0.000153596891
  836.127563  0.0009993196  0.000151009823
  839.994629  0.000990137458  0.000148469539
  843.8797  0.00098102144  0.000145974758
  847.782715  0.000971989532  0.000143521916
  851.703735  0.000963039987  0.00014111062
  855.642883  0.000954156858  0.000138745512
  859.600342  0.000945354055  0.000136420029
  863.57605  0.000936632394  0.000134133428
  867.570129  0.000927985879  0.000131888111
  871.582703  0.000919413054  0.000129682434
  875.61377  0.000910919684  0.000127513631
  879.663574  0.000902503787  0.000125381062
  883.732056  0.000894164375  0.000123283971
  887.819397  0.000885904999  0.000121221921
  891.925598  0.000877721992  0.000119194374
  896.050842  0.000869610638  0.000117196294
  900.195129  0.000861578563  0.000115202594
  904.358582  0.000853620761  0.000113242742
  908.541321  0.000845735951  0.00011131636
  912.743408  0.000837900036  0.000109410568
  916.964844  0.000830125995  0.00010753113
  921.205933  0.000822423957  0.000105684012
  925.466553  0.000814786064  0.000103861836
  929.746826  0.000807202188  0.000102067788
  934.046936  0.000799688802  0.000100304751
  938.367004  0.000792242645  9.85717488E-05
  942.70697  0.000784845732  9.6866992E-05
  947.067078  0.000777513487  9.51917173E-05
  951.447266  0.000770249928  9.35454518E-05
  955.847839  0.000763045391  9.19262384E-05
  960.268677  0.000755898422  9.03346154E-05
  964.709961  0.000748818507  8.87705755E-05
  969.171814  0.000741802622  8.72336386E-05
  973.654297  0.000734839763  8.57233172E-05
  978.157532  0.000727940002  8.42391237E-05
  982.68158  0.000721104909  8.2780658E-05
  987.226501  0.000714326918  8.13475635E-05
  991.79248  0.000707605039  7.99390909E-05
  996.379578  0.000700946315  7.85550365E-05
  1000.98792  0.000694348651  7.71949271E-05
  1005.61755  0.000687801803  7.58581227E-05
  1010.26862  0.000681314967  7.45444049E-05
  1014.9411  0.000674889307  7.32534609E-05
  1019.63531  0.000668519409  7.19874442E-05
  1024.3512  0.000662203645  7.07438521E-05
  1029.08887  0.000655947661  6.95217605E-05
  1033.84851  0.000649750698  6.83191174E-05
  1038.63013  0.000643605948  6.71340094E-05
  1043.43384  0.000637517951  6.5969507E-05
  1048.25977  0.000631487521  6.48251589E-05
  1053.10803  0.000625504646  6.36961413E-05
  1057.97876  0.000619570608  6.25859029E-05
  1062.87195  0.000613692915  6.14950477E-05
  1067.78784  0.000607868074  6.04232009E-05
  1072.72632  0.000602083805  5.93701079E-05
  1077.68787  0.000596353028  5.83353867E-05
  1082.67224  0.000590676791  5.73187099E-05
  1087.67957  0.000585044443  5.63269023E-05
  1092.71021  0.0005794561  5.53624668E-05
  1097.76404  0.000573921192  5.44145005E-05
  1102.84131  0.000568437332  5.3482745E-05
  1107.94202  0.000563013018  5.25779105E-05
  1113.06628  0.000557641091  5.16891851E-05
  1118.21436  0.000552320271  5.08154735E-05
  1123.38611  0.000547047937  4.99563939E-05
  1128.58179  0.000541826594  4.91116953E-05
  1133.80151  0.000536654901  4.8281272E-05
  1139.04553  0.000531531114  4.7464946E-05
  1144.3136  0.000526452786  4.6662477E-05
  1149.60608  0.000521422713  4.58735594E-05
  1154.9231  0.000516440719  4.50979896E-05
  1160.26477  0.000511502265  4.43355093E-05
  1165.63098  0.00050660962  4.35859874E-05
  1171.02209  0.000501763541  4.28491221E-05
  1176.43823  0.000496962864  4.21246987E-05
  1181.87927  0.000492204155  4.14124042E-05
  1187.34558  0.000487490994  4.07121443E-05
  1192.83716  0.000482822739  4.00237368E-05
  1198.354  0.000478194968  3.9346789E-05
  1203.89648  0.000473608758  3.86810934E-05
  1209.4646  0.000469066465  3.80266356E-05
  1215.05847  0.000464567274  3.73832518E-05
  1220.67822  0.000460105715  3.67505345E-05
  1226.32385  0.000455686881  3.61285238E-05
  1231.99573  0.000451310392  3.55168559E-05
  1237.69385  0.000446971942  3.49133588E-05
  1243.41821  0.000442672579  3.43201209E-05
  1249.16907  0.000438414485  3.37369565E-05
  1254.94666  0.000434195419  3.31622941E-05
  1260.75073  0.000430010696  3.25965593E-05
  1266.58179  0.000425866048  3.20404688E-05
  1272.43982  0.000421760953  3.14934878E-05
  1278.32495  0.000417688425  3.09533461E-05
  1284.2373  0.000413652655  3.04224577E-05
  1290.177  0.00040965568  2.99006806E-05
  1296.14404  0.000405693747  2.93876528E-05
  1302.13892  0.000401761092  2.88826159E-05
  1308.16138  0.000397866621  2.83862701E-05
  1314.21167  0.000394009403  2.78984644E-05
  1320.29004  0.000390181493  2.7419037E-05
  1326.39636  0.00038638775  2.69478423E-05
  1332.53113  0.000382630707  2.64847185E-05
  1338.69409  0.000378907251  2.60295747E-05
  1344.88562  0.000375211675  2.55821869E-05
  1351.10583  0.000371552043  2.51424844E-05
  1357.35474  0.000367927772  2.47103017E-05
  1363.63257  0.000364329579  2.42854185E-05
  1369.93958  0.000360763341  2.38678513E-05
  1376.27551  0.000357231969  2.34574745E-05
  1382.64099  0.000353730953  2.305415E-05
  1389.03564  0.000350254617  2.26575594E-05
  1395.46008  0.000346812216  2.22677681E-05
  1401.91418  0.000343403284  2.1884749E-05
  1408.39819  0.000340016733  2.15082782E-05
  1414.91199  0.000336660451  2.11382467E-05
  1421.45618  0.000333336997  2.07745725E-05
  1428.0304  0.000330041483  2.04169664E-05
  1434.63513  0.000326767826  2.00653594E-05
  1441.27051  0.000323526416  1.97198042E-05
  1447.9364  0.000320316904  1.9380188E-05
  1454.63318  0.000317124592  1.90463761E-05
  1461.36096  0.00031396086  1.87182941E-05
  1468.11987  0.000310828531  1.83958837E-05
  1474.90991  0.000307720591  1.80789048E-05
  1481.73157  0.000304630725  1.77673192E-05
  1488.58459  0.000301571796  1.74611105E-05
  1495.46948  0.000298543135  1.71598331E-05
  1502.38611  0.000295525388  1.6860813E-05
  1509.33472  0.000292535027  1.6566657E-05
  1516.31543  0.000289574644  1.62776323E-05
  1523.32849  0.000286632217  1.59935189E-05
  1530.37402  0.000283702655  1.57142367E-05
  1537.45215  0.00028080272  1.54398185E-05
  1544.56287  0.000277932064  1.51702598E-05
  1551.70654  0.000275061204  1.49053349E-05
  1558.88342  0.000272216887  1.4645022E-05
  1566.09326  0.000269401731  1.43892603E-05
  1573.33655  0.000266598712  1.41379314E-05
  1580.61328  0.000263803435  1.38910091E-05
  1587.92383  0.00026103697  1.36483986E-05
  1595.26807  0.000258298969  1.34100237E-05
  1602.64624  0.00025554598  1.31757924E-05
  1610.05859  0.000252819766  1.29456412E-05
  1617.50525  0.000250122073  1.27195199E-05
  1624.98633  0.000247425138  1.24973139E-05
  1632.50195  0.0002447273  1.2278977E-05
  1640.05237  0.0002420581  1.20644554E-05
  1647.6377  0.000239417015  1.185369E-05
  1655.25818  0.000236730615  1.1646629E-05
  1662.9137  0.000234073435  1.14431878E-05
  1670.60486  0.000231444996  1.12432981E-05
  1678.33154  0.00022879224  1.10469045E-05
  1686.09387  0.000226121556  1.08539471E-05
  1693.89233  0.000223480529  1.06643465E-05
  1701.72656  0.000220862086  1.04780775E-05
  1709.59717  0.000218137342  1.02950689E-05
  1717.50415  0.000215444001  1.01152591E-05
  1725.44763  0.000212781757  9.93854883E-06
  1733.42798  0.000210018945  9.76333286E-06
  1741.44519  0.000207191377  9.5905425E-06
  1749.49951  0.000204398078  9.42080896E-06
  1757.59106  0.000201597504  9.2539176E-06
  1765.71997  0.00019844601  9.08962829E-06
  1773.88647  0.000195335393  8.92825574E-06
  1782.09094  0.000192264997  8.76972263E-06
  1790.33313  0.000188553109  8.61370336E-06
  1798.61353  0.00018447492  8.46035709E-06
  1806.93225  0.000180455725  8.30974204E-06
  1815.28955  0.000175661087  8.16181E-06
  1823.6853  0.000152843146  8.01651458E-06
  1832.12  0.000130429587  7.87380486E-06
  1840.59375  0.000160237236  4.18687123E-05
  1849.10645  0.000163732577  4.12085901E-05
  1857.65881  0.000167151142  4.05588362E-05
  1866.25037  0.00016902182  3.99193777E-05
  1874.88196  0.00017029696  3.92899965E-05
  1883.55347  0.000171534397  3.86705688E-05
  1892.26489  0.000172414409  3.80608944E-05
  1901.01685  0.000172313419  3.74607589E-05
  1909.80908  0.000172199754  3.68701112E-05
  1918.64221  0.000172073604  3.6288784E-05
  1927.51599  0.000171593259  3.57165882E-05
  1936.43091  0.000171007923  3.51534145E-05
  1945.38708  0.000170418978  3.45991139E-05
  1954.38464  0.000169759398  3.4053588E-05
  1963.42371  0.000168939718  3.35166551E-05
  1972.50464  0.000168120736  3.29882096E-05
  1981.62769  0.000167302525  3.24681059E-05
  1990.79285  0.000166374215  3.19552491E-05
  2000.00037  0.000165424601  3.1450556E-05
