Ti Density=4.54
 Energy(eV), Delta, Beta
  200.  0.0110198874  0.00338380202
  200.925018  0.0109320888  0.00334534864
  201.854294  0.0108423019  0.00330516137
  202.787903  0.010753138  0.00326537434
  203.725784  0.0106647015  0.00322606764
  204.668045  0.0105760694  0.00318723358
  205.614639  0.0104872175  0.00314886821
  206.565613  0.010399106  0.00311096455
  207.521011  0.0103117172  0.0030735156
  208.480804  0.0102240527  0.00303651555
  209.445053  0.0101371268  0.00299996091
  210.413742  0.0100509375  0.00296384632
  211.386917  0.00996524468  0.00292816968
  212.364578  0.00988007989  0.00289292587
  213.346786  0.00979563594  0.00285810488
  214.333527  0.00971191004  0.00282370369
  215.324829  0.00962887239  0.00278971321
  216.320724  0.00954654068  0.00275613205
  217.321228  0.00946490839  0.00272295438
  218.326355  0.00938351918  0.00268829847
  219.336121  0.0093024997  0.00265273103
  220.350571  0.00922217593  0.00261763344
  221.36969  0.00914240815  0.00258299662
  222.393539  0.00906213187  0.00254877633
  223.422119  0.00898255967  0.00251501007
  224.455475  0.00890368223  0.00248169061
  225.493591  0.0088240942  0.00244881213
  226.536514  0.00874437951  0.00241636834
  227.584259  0.00866538472  0.00238435343
  228.636856  0.00858680997  0.0023527632
  229.694321  0.00850726292  0.00232159044
  230.756668  0.00842845254  0.00229083071
  231.823914  0.00835037325  0.00226047914
  232.896133  0.00827234425  0.00223053223
  233.973282  0.00819471851  0.00220098416
  235.05542  0.00811782014  0.00217182771
  236.142563  0.00804154109  0.00214354368
  237.234741  0.00796555541  0.0021176436
  238.331955  0.00789028872  0.00209205667
  239.434265  0.00781573076  0.00206677802
  240.541672  0.00774189038  0.00204205001
  241.654175  0.00766875502  0.00201771478
  242.771866  0.00759630697  0.00199366873
  243.894699  0.00752458069  0.00196990976
  245.02272  0.00745364744  0.00194643484
  246.15596  0.00738338148  0.00192323932
  247.294449  0.00731377816  0.00190032052
  248.438187  0.00724478858  0.00187767413
  249.58725  0.00717643416  0.00185529632
  250.741608  0.00710872607  0.00183318579
  251.901291  0.00704166619  0.00181133905
  253.066345  0.00697526382  0.00178975286
  254.236786  0.00690948777  0.00176842429
  255.412674  0.00684432965  0.00174734928
  256.593964  0.006779816  0.0017258072
  257.780731  0.0067159147  0.00170436082
  258.972992  0.00665261457  0.0016831808
  260.170746  0.00658953749  0.00166205422
  261.374054  0.00652630255  0.0016407707
  262.582916  0.0064636725  0.00161975913
  263.797363  0.00640164316  0.001599018
  265.017456  0.00633960171  0.0015785388
  266.243195  0.00627805572  0.00155832211
  267.474579  0.00621710625  0.00153836445
  268.71167  0.00615649391  0.00151866279
  269.954468  0.00609605294  0.00149921409
  271.203003  0.00603620475  0.00148001476
  272.457367  0.00597693911  0.00146106037
  273.717499  0.00591764273  0.00144234928
  274.983459  0.00585886277  0.00142387778
  276.25528  0.00580066349  0.00140564318
  277.532959  0.00574277993  0.00138758821
  278.816589  0.00568511384  0.00136969145
  280.10611  0.00562802516  0.00135202601
  281.401642  0.00557150319  0.00133458793
  282.703125  0.00551493093  0.00131735636
  284.010651  0.00545889046  0.00130034576
  285.324219  0.0054034153  0.00128355506
  286.64386  0.00534818275  0.00126698148
  287.969604  0.00529315276  0.00125062175
  289.301453  0.00523868576  0.00123447459
  290.639526  0.0051847687  0.00121853454
  291.983734  0.00513073104  0.00120280031
  293.334167  0.00507724145  0.00118726923
  294.690857  0.00502430135  0.00117193861
  296.053833  0.00497156754  0.00115680636
  297.423096  0.00491906051  0.00114187005
  298.798706  0.00486709829  0.00112712651
  300.180664  0.0048156511  0.0011125732
  301.569  0.00476407865  0.0010982058
  302.963776  0.00471304636  0.00108402374
  304.365021  0.00466254866  0.00107002433
  305.772736  0.00461221626  0.00105619198
  307.186951  0.0045621302  0.00104252726
  308.607697  0.00451257592  0.00102903962
  310.035034  0.00446348032  0.00101571868
  311.468964  0.00441417843  0.00100248703
  312.909546  0.0043654046  0.000989427557
  314.35675  0.00431715557  0.000976538518
  315.810669  0.00426892284  0.00096381671
  317.271332  0.00422088569  0.000951259921
  318.738708  0.00417337287  0.000938867219
  320.212921  0.00412626751  0.000926635694
  321.693909  0.00407894002  0.000914563425
  323.181763  0.00403213315  0.000902648433
  324.676483  0.00398584316  0.000890888681
  326.178131  0.00393949496  0.000879282481
  327.686737  0.00389336003  0.000867827854
  329.202332  0.00384774012  0.000856522296
  330.724884  0.00380246877  0.000845364179
  332.254517  0.00375693804  0.000834350591
  333.791199  0.00371192419  0.000823480834
  335.335022  0.00366742001  0.00081275258
  336.885956  0.00362276239  0.000802164723
  338.444092  0.00357833109  0.00079171476
  340.009399  0.00353441061  0.000781401002
  341.58197  0.0034907863  0.000771221588
  343.161804  0.00344692799  0.00076117448
  344.748962  0.00340358075  0.000751258398
  346.343445  0.00336073898  0.000741471478
  347.945312  0.00331782107  0.000731811218
  349.554565  0.00327521143  0.00072227692
  351.171265  0.00323310425  0.000712866953
  352.795471  0.00319106248  0.00070327305
  354.427185  0.00314833014  0.000692969305
  356.066406  0.00310611399  0.000682816724
  357.713257  0.0030644075  0.000672812632
  359.367676  0.00302179181  0.000662605977
  361.029785  0.0029793221  0.000652461429
  362.699585  0.00293737766  0.000642472063
  364.377106  0.00289530563  0.000632635434
  366.062347  0.00285234302  0.000622950378
  367.755402  0.00280992524  0.000613413518
  369.456299  0.00276804576  0.000604022644
  371.16507  0.00272460398  0.000594775425
  372.881714  0.00268131355  0.00058566971
  374.606323  0.00263858796  0.000576703518
  376.338898  0.0025955087  0.000567874522
  378.079498  0.00255136727  0.0005591808
  379.828156  0.0025078177  0.0005506202
  381.584869  0.00246485323  0.000542190683
  383.349701  0.0024195055  0.00053414295
  385.122742  0.0023743778  0.000526248361
  386.903961  0.00232987828  0.000518470944
  388.69339  0.00228497316  0.000511197897
  390.491119  0.00223918981  0.000504598254
  392.29718  0.00219405442  0.000498083828
  394.111572  0.00214955956  0.000491653511
  395.934357  0.00210254756  0.000485128694
  397.765594  0.00205596443  0.000478676142
  399.605286  0.00201005978  0.000472309534
  401.453491  0.00196271506  0.000465995283
  403.310211  0.00191350223  0.000459726958
  405.175537  0.00186502154  0.000453542511
  407.0495  0.00181727298  0.000447441445
  408.932159  0.00176435837  0.00044142385
  410.823486  0.00171208917  0.000435487367
  412.723602  0.00166063104  0.000429630658
  414.632477  0.00160591945  0.000423852034
  416.550171  0.00154795218  0.000418150565
  418.476715  0.00149091461  0.000412525813
  420.412201  0.00143459684  0.000406976644
  422.356598  0.0013675571  0.000401502126
  424.310059  0.00130162202  0.00039610095
  426.272522  0.00123678881  0.00039077265
  428.24408  0.0011628283  0.000385515916
  430.224701  0.00108149357  0.000380329933
  432.214539  0.00100155489  0.000375213596
  434.213531  0.000920770632  0.000370166235
  436.221802  0.000808180601  0.000365187298
  438.239349  0.000697581447  0.000360275299
  440.266235  0.000588946103  0.000355429336
  442.302521  0.000425412669  0.000350648479
  444.348206  0.000224919684  0.000345932262
  446.40332  2.80744134E-05  0.000341279519
  448.467957 -0.000286072667  0.000336689351
  450.542175 -0.00158076442  0.000332161144
  452.625946 -0.00285164523  0.000327693881
  454.71936 -0.00223714602  0.00297257956
  456.822449 -0.000793848827  0.0029295655
  458.935303 -0.000371373666  0.00288717146
  461.057892  4.34064059E-05  0.00284539047
  463.190308  0.000411113317  0.00280421507
  465.332611  0.000557290274  0.00276363571
  467.484802  0.000700731529  0.00272364495
  469.646942  0.000841490342  0.00268423324
  471.819122  0.000943790947  0.00264538988
  474.001251  0.00102719327  0.00260710926
  476.193573  0.00110898318  0.00256938208
  478.395996  0.00118443032  0.00253219972
  480.608612  0.00123954122  0.00249555358
  482.831421  0.00129354  0.00245943782
  485.064545  0.00134644192  0.002423845
  487.308014  0.00138851453  0.00238876534
  489.561829  0.00142599165  0.00235419348
  491.826111  0.00146266795  0.00232012011
  494.100861  0.0014963788  0.0022865443
  496.386108  0.00152275839  0.0022534614
  498.681915  0.00154852727  0.00222085789
  500.988342  0.00157369417  0.00218872563
  503.30542  0.00159348012  0.0021570581
  505.63327  0.00161133986  0.00212584832
  507.971863  0.00162873685  0.00209508999
  510.321228  0.00164428807  0.00206477428
  512.681519  0.00165606302  0.00203488814
  515.052673  0.00166748057  0.00200543576
  517.434814  0.0016785484  0.00197640993
  519.828003  0.00168610283  0.00194779516
  522.232239  0.00169265992  0.00191959238
  524.647644  0.00169895415  0.00189179846
  527.074158  0.00170385162  0.00186441292
  529.511902  0.00170629763  0.00183743634
  531.960938  0.00170855492  0.00181085023
  534.421265  0.00171062688  0.0017846484
  536.893005  0.00171086402  0.00175882864
  539.37616  0.00171068392  0.00173338421
  541.870789  0.0017103625  0.00170830765
  544.377014  0.00170504174  0.0016835928
  546.894775  0.0016919116  0.0016592344
  549.424194  0.00167887891  0.00163522793
  551.965332  0.00166594272  0.00161156885
  554.518188  0.00165023119  0.00160159729
  557.082886  0.00163437088  0.00159307627
  559.659424  0.00161866273  0.00158460112
  562.247864  0.00160569837  0.00157903717
  564.848267  0.00159626163  0.00157731003
  567.460754  0.00158686272  0.00157558569
  570.085266  0.00157750177  0.00157386251
  572.721985  0.00158626807  0.0015721441
  575.37085  0.00159565557  0.00157042791
  578.031982  0.00160473643  0.00156871334
  580.705383  0.00161748659  0.00156072399
  583.391235  0.00163422886  0.00154588057
  586.089417  0.00165052724  0.00153117848
  588.800171  0.00166639104  0.00151661609
  591.523376  0.00167350133  0.00149436924
  594.259216  0.00168031699  0.00147242704
  597.00769  0.00168686651  0.00145080721
  599.76886  0.001689406  0.00142950355
  602.542847  0.00168833125  0.00140851119
  605.329651  0.00168713368  0.00138782733
  608.129333  0.00168576685  0.0013674472
  610.941956  0.00168320327  0.00134736858
  613.767639  0.00168054434  0.00132758473
  616.606323  0.00167779252  0.00130809145
  619.458191  0.00167432253  0.0012888714
  622.323242  0.00167029595  0.00126992539
  625.201538  0.00166620233  0.00125125796
  628.093079  0.00166197529  0.00123284431
  630.998047  0.00165699364  0.00121449225
  633.916504  0.00165196287  0.0011964133
  636.848328  0.0016468853  0.00117860397
  639.793823  0.00164125965  0.00116086542
  642.75293  0.00163528288  0.00114327273
  645.725708  0.0016292776  0.00112594676
  648.712219  0.00162312901  0.00110885617
  651.712585  0.00161621207  0.00109185581
  654.726746  0.00160928571  0.00107511657
  657.754883  0.00160235004  0.00105863379
  660.797058  0.00159451179  0.00104239478
  663.853333  0.00158622093  0.00102639978
  666.923645  0.00157794857  0.00101065054
  670.00824  0.00156957144  0.000995259848
  673.107056  0.00156066439  0.000980625744
  676.220215  0.00155178818  0.00096620695
  679.347778  0.00154294411  0.000951999507
  682.489746  0.00153412553  0.000938323268
  685.646362  0.00152533723  0.000924975786
  688.817505  0.00151658081  0.000911818759
  692.003357  0.00150799844  0.000898865052
  695.203857  0.00149992888  0.000886149646
  698.41925  0.00149187981  0.000873613812
  701.649475  0.00148385216  0.000861255568
  704.894653  0.00147581741  0.000848622061
  708.154846  0.00146779534  0.00083602505
  711.430115  0.0014597961  0.000823614944
  714.720459  0.00145166402  0.000811283826
  718.026123  0.0014431437  0.000798858935
  721.347046  0.00143465702  0.000786624732
  724.68335  0.00142620422  0.000774578017
  728.035034  0.0014172988  0.000762717042
  731.402283  0.00140831177  0.000751038024
  734.785034  0.00139937049  0.000739537936
  738.183472  0.00139039918  0.000728213112
  741.597595  0.00138131459  0.000717060291
  745.027527  0.00137227948  0.000706078077
  748.473328  0.00136329432  0.000695263792
  751.935059  0.00135416596  0.000684613537
  755.412842  0.00134505401  0.000674126029
  758.906677  0.00133599527  0.000663799117
  762.416626  0.00132693024  0.000653625117
  765.942871  0.00131781551  0.000643597334
  769.485352  0.00130875653  0.000633723743
  773.044312  0.00129975262  0.000624001434
  776.61969  0.00129065232  0.000614382443
  780.211609  0.0012815902  0.000604905945
  783.820129  0.00127258606  0.000595575199
  787.445374  0.00126355665  0.000586372509
  791.087341  0.00125446822  0.000577288913
  794.746155  0.0012454401  0.000568346179
  798.421936  0.00123647193  0.000559541804
  802.114685  0.00122739119  0.000550874218
  805.824463  0.00121836062  0.000542340975
  809.551453  0.00120939233  0.000533939863
  813.295654  0.00120042509  0.000525668496
  817.057251  0.00119144842  0.000517524953
  820.836182  0.00118253555  0.000509507488
  824.632568  0.00117368589  0.000501614471
  828.446594  0.00116478279  0.00049384305
  832.278137  0.00115594186  0.000486192672
  836.127563  0.0011471645  0.000478660513
  839.994629  0.00113840157  0.000471239473
  843.8797  0.00112965319  0.000463927514
  847.782715  0.00112096954  0.000456728943
  851.703735  0.00111234793  0.000449641899
  855.642883  0.00110369502  0.000442652876
  859.600342  0.00109510706  0.000435772527
  863.57605  0.00108658394  0.000428998872
  867.570129  0.00107807224  0.00042232548
  871.582703  0.00106958183  0.000415751507
  875.61377  0.00106115674  0.000409280066
  879.663574  0.00105278974  0.000402909063
  883.732056  0.00104440632  0.00039663614
  887.819397  0.00103608787  0.000390460977
  891.925598  0.00102783425  0.000384381827
  896.050842  0.00101960544  0.000378397497
  900.195129  0.00101141434  0.000372506445
  904.358582  0.00100328773  0.000366706954
  908.541321  0.000995220151  0.000360997947
  912.743408  0.000987180043  0.000355378696
  916.964844  0.000979203847  0.000349846901
  921.205933  0.000971290749  0.000344401109
  925.466553  0.000963407569  0.000338996033
  929.746826  0.000955568976  0.000333651231
  934.046936  0.000947792898  0.000328390655
  938.367004  0.000940065365  0.000323210377
  942.70697  0.000932329393  0.000318098813
  947.067078  0.000924656051  0.000313067983
  951.447266  0.000917045167  0.000308116811
  955.847839  0.000909445866  0.000303234701
  960.268677  0.000901885971  0.000298426137
  964.709961  0.000894388242  0.000293693913
  969.171814  0.000886937371  0.00028903663
  973.654297  0.000879492203  0.000284453243
  978.157532  0.000872108794  0.00027994244
  982.68158  0.000864786794  0.000275503204
  987.226501  0.000857488601  0.000271135767
  991.79248  0.00085023779  0.000266838062
  996.379578  0.000843047746  0.000262608402
  1000.98792  0.00083590555  0.000258445973
  1005.61755  0.000828786695  0.000254350598
  1010.26862  0.000821728085  0.000250320096
  1014.9411  0.000814729312  0.000246353477
  1019.63531  0.000807776698  0.000242460883
  1024.3512  0.000800879323  0.000238632987
  1029.08887  0.000794040621  0.00023486554
  1033.84851  0.000787254539  0.000231150247
  1038.63013  0.000780513859  0.00022747695
  1043.43384  0.00077383063  0.000223861993
  1048.25977  0.00076720427  0.000220304355
  1053.10803  0.000760597759  0.000216783039
  1057.97876  0.000754039735  0.000213313586
  1062.87195  0.000747538172  0.000209899692
  1067.78784  0.000741073047  0.000206540935
  1072.72632  0.000734627363  0.000203236952
  1077.68787  0.000728237443  0.000199985778
  1082.67224  0.000721903052  0.000196786656
  1087.67957  0.000715598871  0.000193638232
  1092.71021  0.000709345739  0.000190540115
  1097.76404  0.000703147089  0.000187491431
  1102.84131  0.000696992327  0.000184491626
  1107.94202  0.000690875633  0.000181539799
  1113.06628  0.00068481249  0.000178635208
  1118.21436  0.000678802317  0.000175777066
  1123.38611  0.000672821829  0.000172964894
  1128.58179  0.000666891807  0.000170197745
  1133.80151  0.000661013939  0.000167474849
  1139.04553  0.000655177748  0.000164795274
  1144.3136  0.000649380614  0.000162158365
  1149.60608  0.000643634645  0.000159563628
  1154.9231  0.000637939433  0.000157010392
  1160.26477  0.000632277341  0.000154498819
  1165.63098  0.000626665016  0.000152027642
  1171.02209  0.000621102226  0.000149595915
  1176.43823  0.000615580473  0.000147202591
  1181.87927  0.000610099116  0.000144846999
  1187.34558  0.00060466642  0.000142529068
  1192.83716  0.000599281979  0.000140248274
  1198.354  0.000593931472  0.00013800466
  1203.89648  0.000588628463  0.00013579693
  1209.4646  0.000583372777  0.000133624402
  1215.05847  0.00057815836  0.000131486508
  1220.67822  0.000572985562  0.000129382606
  1226.32385  0.000567859039  0.000127312363
  1231.99573  0.000562778092  0.00012527479
  1237.69385  0.000557737541  0.000123261489
  1243.41821  0.00055274216  0.000121280551
  1249.16907  0.000547791482  0.000119331431
  1254.94666  0.000542878464  0.00011740865
  1260.75073  0.000538004795  0.000115513263
  1266.58179  0.000533174665  0.000113648442
  1272.43982  0.000528386212  0.000111812631
  1278.32495  0.000523624476  0.000109997156
  1284.2373  0.000518905581  0.000108211134
  1290.177  0.000514229236  0.000106454121
  1296.14404  0.000509581354  0.000104725623
  1302.13892  0.000504966825  0.000103025166
  1308.16138  0.000500394264  0.000101352314
  1314.21167  0.000495861575  9.97066745E-05
  1320.29004  0.000491360901  9.80877958E-05
  1326.39636  0.000486901205  9.64952633E-05
  1332.53113  0.000482481875  9.49284804E-05
  1338.69409  0.000478096073  9.33867996E-05
  1344.88562  0.000473746681  9.1869937E-05
  1351.10583  0.000469436869  9.03777109E-05
  1357.35474  0.000465164485  8.89098519E-05
  1363.63257  0.00046092298  8.74662583E-05
  1369.93958  0.000456720067  8.60461005E-05
  1376.27551  0.0004525556  8.4649022E-05
  1382.64099  0.000448423991  8.32744772E-05
  1389.03564  0.00044432815  8.19222332E-05
  1395.46008  0.00044026965  8.05918535E-05
  1401.91418  0.000436246715  7.92831052E-05
  1408.39819  0.000432255707  7.79954935E-05
  1414.91199  0.000428301428  7.67288293E-05
  1421.45618  0.000424383034  7.54826979E-05
  1428.0304  0.000420497759  7.425699E-05
  1434.63513  0.000416647003  7.30512111E-05
  1441.27051  0.00041283149  7.18650117E-05
  1447.9364  0.000409050554  7.06974461E-05
  1454.63318  0.000405303028  6.95472409E-05
  1461.36096  0.000401589845  6.84156839E-05
  1468.11987  0.000397910655  6.73025934E-05
  1474.90991  0.000394264032  6.6204746E-05
  1481.73157  0.000390650384  6.51240989E-05
  1488.58459  0.000387069944  6.40611033E-05
  1495.46948  0.000383520295  6.3010506E-05
  1502.38611  0.000379999168  6.19669954E-05
  1509.33472  0.000376510347  6.09407689E-05
  1516.31543  0.000373053597  5.99315536E-05
  1523.32849  0.000369616144  5.89377159E-05
  1530.37402  0.000366208114  5.79601183E-05
  1537.45215  0.000362831546  5.69986987E-05
  1544.56287  0.000359483151  5.60532244E-05
  1551.70654  0.00035616057  5.51233497E-05
  1558.88342  0.000352868665  5.42088819E-05
  1566.09326  0.00034960726  5.33096136E-05
  1573.33655  0.000346371089  5.24254319E-05
  1580.61328  0.000343164284  5.15559368E-05
  1587.92383  0.000339987106  5.07008517E-05
  1595.26807  0.000336837198  4.98598893E-05
  1602.64624  0.000333713368  4.90327766E-05
  1610.05859  0.000330618466  4.82193391E-05
  1617.50525  0.000327552261  4.74194312E-05
  1624.98633  0.000324510504  4.66327983E-05
  1632.50195  0.000321496744  4.58592185E-05
  1640.05237  0.000318510953  4.50984699E-05
  1647.6377  0.000315551151  4.43504796E-05
  1655.25818  0.000312616787  4.36150549E-05
  1662.9137  0.000309709838  4.28918429E-05
  1670.60486  0.00030682981  4.21806071E-05
  1678.33154  0.000303974579  4.14810529E-05
  1686.09387  0.000301145919  4.07931038E-05
  1693.89233  0.000298343541  4.01165198E-05
  1701.72656  0.000295566075  3.94510062E-05
  1709.59717  0.000292813347  3.879633E-05
  1717.50415  0.000290086202  3.81525206E-05
  1725.44763  0.000287384493  3.7519294E-05
  1733.42798  0.000284706388  3.68933834E-05
  1741.44519  0.000282053283  3.6277921E-05
  1749.49951  0.000279424858  3.56727178E-05
  1757.59106  0.000276818493  3.50769951E-05
  1765.71997  0.00027423451  3.44907348E-05
  1773.88647  0.000271674653  3.39142753E-05
  1782.09094  0.000269138342  3.33473836E-05
  1790.33313  0.00026662249  3.27895905E-05
  1798.61353  0.000264130183  3.22411288E-05
  1806.93225  0.000261661131  3.17018348E-05
  1815.28955  0.00025921347  3.11714866E-05
  1823.6853  0.000256787665  3.06499642E-05
  1832.12  0.000254384533  3.0137162E-05
  1840.59375  0.00025200352  2.96329054E-05
  1849.10645  0.000249642908  2.91370579E-05
  1857.65881  0.00024730427  2.86494505E-05
  1866.25037  0.000244987634  2.81700395E-05
  1874.88196  0.000242691342  2.76985538E-05
  1883.55347  0.000240415917  2.72349098E-05
  1892.26489  0.000238161854  2.67790383E-05
  1901.01685  0.000235928543  2.63308066E-05
  1909.80908  0.000233714673  2.58901673E-05
  1918.64221  0.00023152151  2.54568949E-05
  1927.51599  0.000229348967  2.50308767E-05
  1936.43091  0.000227195749  2.46119598E-05
  1945.38708  0.000225062249  2.42000187E-05
  1954.38464  0.000222948802  2.37949935E-05
  1963.42371  0.000220854796  2.33967585E-05
  1972.50464  0.000218779081  2.30052083E-05
  1981.62769  0.000216722852  2.26202083E-05
  1990.79285  0.000214685962  2.22416547E-05
  2000.00037  0.00021266831  2.18695095E-05