 Ag Density=10.5
 Energy(eV), Delta, Beta
  200.  0.0148077914  0.00391255273
  200.925018  0.014660907  0.00389444618
  201.854294  0.0145137757  0.00387642276
  202.787903  0.0143680936  0.0038584813
  203.725784  0.0142238699  0.00384062482
  204.668045  0.0140807787  0.00382284704
  205.614639  0.0139388395  0.00380515051
  206.565613  0.0137983207  0.00378753548
  207.521011  0.0136591922  0.00377000333
  208.480804  0.0135212224  0.00375256315
  209.445053  0.0133846346  0.00373520353
  210.413742  0.0132494159  0.003717924
  211.386917  0.013115542  0.00370071828
  212.364578  0.0129830018  0.00368358754
  213.346786  0.0128517868  0.00366653502
  214.333527  0.0127218999  0.0036495626
  215.324829  0.0125934239  0.00363267236
  216.320724  0.0124662351  0.00361586013
  217.321228  0.0123403184  0.00359912729
  218.326355  0.0122157978  0.00358247152
  219.336121  0.0120926108  0.00356589467
  220.350571  0.0119706541  0.00354939373
  221.36969  0.0118499659  0.00353296869
  222.393539  0.0117307948  0.00351661444
  223.422119  0.0116128121  0.00350033655
  224.455475  0.0114960056  0.00348413317
  225.493591  0.0113807376  0.00346800988
  226.536514  0.0112668136  0.00345196342
  227.584259  0.0111540202  0.00343599333
  228.636856  0.0110424906  0.00342009426
  229.694321  0.0109327231  0.00340426457
  230.756668  0.0108240405  0.00338850846
  231.823914  0.0107164346  0.00337282568
  232.896133  0.0106119225  0.00335721485
  233.973282  0.010509301  0.00334167713
  235.05542  0.0104076685  0.00332621136
  236.142563  0.0103076287  0.00330962567
  237.234741  0.0102106882  0.00328894169
  238.331955  0.0101146586  0.0032683874
  239.434265  0.0100195305  0.00324796233
  240.541672  0.0099216206  0.00322608789
  241.654175  0.00982341543  0.0032038244
  242.771866  0.00972617324  0.00318171387
  243.894699  0.00962954573  0.00315975631
  245.02272  0.00953293592  0.00313795218
  246.15596  0.00943728723  0.0031162987
  247.294449  0.00934259128  0.003094794
  248.438187  0.00924818497  0.00307343784
  249.58725  0.00915454887  0.0030522286
  250.741608  0.00906185433  0.00303116534
  251.901291  0.00896997098  0.00301024783
  253.066345  0.00887875166  0.00298947305
  254.236786  0.00878845155  0.00296884263
  255.412674  0.00869905856  0.00294835353
  256.593964  0.00861065555  0.00292681344
  257.780731  0.00852315873  0.00290519674
  258.972992  0.008436542  0.00288373884
  260.170746  0.00835013483  0.00286220131
  261.374054  0.00826342404  0.00284039858
  262.582916  0.0081776008  0.00281876279
  263.797363  0.00809265953  0.00279729068
  265.017456  0.00800775457  0.00277598156
  266.243195  0.0079236161  0.00275483401
  267.474579  0.00784034841  0.00273384829
  268.71167  0.00775777921  0.00271302182
  269.954468  0.00767582748  0.00269235345
  271.203003  0.00759472838  0.00267184316
  272.457367  0.00751446839  0.00265148771
  273.717499  0.00743596302  0.00263125333
  274.983459  0.00735833775  0.00261117029
  276.25528  0.00728151156  0.00259124045
  277.532959  0.00720501645  0.00256860442
  278.816589  0.00712875137  0.00254271016
  280.10611  0.00705328211  0.00251707737
  281.401642  0.00697859516  0.00249170256
  282.703125  0.00690023089  0.00246658688
  284.010651  0.00682259118  0.00244172406
  285.324219  0.00674579712  0.00241711223
  286.64386  0.00666852714  0.00239274674
  287.969604  0.00659078499  0.00236862618
  289.301453  0.00651391316  0.0023447494
  290.639526  0.00643784972  0.0023211115
  291.983734  0.00636042655  0.00229769386
  293.334167  0.00628388207  0.00227451278
  294.690857  0.00620820653  0.00225156499
  296.053833  0.00613225158  0.00222883909
  297.423096  0.00605621235  0.00220633461
  298.798706  0.00598105276  0.00218405714
  300.180664  0.00590669084  0.00216200459
  301.569  0.00583214546  0.00214017346
  302.963776  0.00575846992  0.00211856212
  304.365021  0.005685654  0.00209716894
  305.772736  0.00561266625  0.00207356131
  307.186951  0.00553982658  0.00204853388
  308.607697  0.00546785118  0.00202380843
  310.035034  0.00539597496  0.00199926528
  311.468964  0.00531888613  0.00197409233
  312.909546  0.0052427575  0.0019492358
  314.35675  0.00516757974  0.0019246923
  315.810669  0.00508974306  0.00190150784
  317.271332  0.00501082558  0.00187920418
  318.738708  0.00493293349  0.00185716292
  320.212921  0.00485584885  0.00183561526
  321.693909  0.00477869064  0.00181558053
  323.181763  0.00470254011  0.0017957642
  324.676483  0.00462738518  0.00177616428
  326.178131  0.00455195922  0.00175380067
  327.686737  0.00447693979  0.00173032912
  329.202332  0.00440291362  0.00170717144
  330.724884  0.00432706485  0.00168397243
  332.254517  0.00424119318  0.00165971078
  333.791199  0.00415653922  0.00163579942
  335.335022  0.00407308247  0.00161223277
  336.885956  0.00398316467  0.00159364997
  338.444092  0.00389167177  0.0015770318
  340.009399  0.00380152417  0.00156058709
  341.58197  0.00371216983  0.00154632423
  343.161804  0.003622527  0.00153826072
  344.748962  0.00353421783  0.00153023913
  346.343445  0.00344722555  0.00152225955
  347.945312  0.00335576944  0.00151398545
  349.554565  0.00326400576  0.00150565582
  351.171265  0.00317364512  0.00149737217
  352.795471  0.00308277924  0.00149150926
  354.427185  0.00298879435  0.00149139774
  356.066406  0.00289627654  0.00149128633
  357.713257  0.00280520553  0.00149117492
  359.367676  0.00270928629  0.00149562443
  361.029785  0.00261349045  0.0015011197
  362.699585  0.00251922593  0.0015066351
  364.377106  0.0024236131  0.00151285785
  366.062347  0.00232403562  0.00152044848
  367.755402  0.00222608261  0.00152807683
  369.456299  0.0021297331  0.00153574382
  371.16507  0.00202264986  0.0015523301
  372.881714  0.00191539829  0.00157053967
  374.606323  0.00180994649  0.00158896274
  376.338898  0.00169569964  0.00161608751
  378.079498  0.00156662753  0.00165759027
  379.828156  0.00143978361  0.00170015905
  381.584869  0.0013151383  0.00174382061
  383.349701  0.00119905174  0.00180789724
  385.122742  0.00108562317  0.00187639217
  386.903961  0.000974187918  0.00194747327
  388.69339  0.000869280309  0.00203600083
  390.491119  0.000772209722  0.00214912789
  392.29718  0.000676849217  0.00226854114
  394.111572  0.00058317557  0.0023945896
  395.934357  0.000526417803  0.00251615234
  397.765594  0.000472376792  0.00264329137
  399.605286  0.000419284333  0.00277685514
  401.453491  0.000391725509  0.00290504773
  403.310211  0.000391491398  0.00302519929
  405.175537  0.000391229201  0.00315035298
  407.0495  0.000390938425  0.00328066782
  408.932159  0.000406168168  0.0033873478
  410.823486  0.000421105942  0.00349745806
  412.723602  0.000435734866  0.00361114531
  414.632477  0.000464366807  0.00371375098
  416.550171  0.000505419041  0.00380540569
  418.476715  0.000545677904  0.00389932259
  420.412201  0.000586725131  0.00399387302
  422.356598  0.000660440244  0.00405381666
  424.310059  0.000732759479  0.00411466835
  426.272522  0.000803686271  0.00417642482
  428.24408  0.000870209886  0.00422513951
  430.224701  0.000933149771  0.00426368695
  432.214539  0.000994859613  0.00430258457
  434.213531  0.00105492538  0.00433905888
  436.221802  0.00110951066  0.00434782589
  438.239349  0.00116300397  0.00435660919
  440.266235  0.0012154209  0.00436541019
  442.302521  0.00126389333  0.00437423028
  444.348206  0.00130956387  0.00438306062
  446.40332  0.00135428866  0.00439190958
  448.467957  0.00139778887  0.00439919345
  450.542175  0.00143853936  0.00439646328
  452.625946  0.0014784236  0.0043937345
  454.71936  0.00151745358  0.00439100759
  456.822449  0.00155383814  0.00438802596
  458.935303  0.00158850208  0.00438491255
  461.057892  0.00162239815  0.00438180193
  463.190308  0.00165612809  0.00437869504
  465.332611  0.00169174175  0.00437560026
  467.484802  0.00172655669  0.00437250454
  469.646942  0.00176058896  0.00436941115
  471.819122  0.00179525337  0.00435932912
  474.001251  0.00182971545  0.00434635533
  476.193573  0.00186339207  0.00433341879
  478.395996  0.00189674878  0.00432038261
  480.608612  0.00193085906  0.00430692034
  482.831421  0.00196418283  0.00429350045
  485.064545  0.00199673139  0.00428012153
  487.308014  0.00202728668  0.00425688084
  489.561829  0.00205670809  0.00423050066
  491.826111  0.0020854224  0.0042042844
  494.100861  0.00211190549  0.00417808862
  496.386108  0.00213370705  0.00415168423
  498.681915  0.00215493049  0.00412544748
  500.988342  0.00217558374  0.00409937557
  503.30542  0.00219394267  0.00407346943
  505.63327  0.0022113414  0.00404772535
  507.971863  0.00222823536  0.00402214518
  510.321228  0.00224444107  0.00399672892
  512.681519  0.0022597583  0.00397147518
  515.052673  0.00227460125  0.00394638255
  517.434814  0.00228898088  0.00392144686
  519.828003  0.00230340962  0.00389550324
  522.232239  0.00231747376  0.00386951398
  524.647644  0.00233108504  0.00384369795
  527.074158  0.00234371843  0.00381755317
  529.511902  0.00235500489  0.00379071617
  531.960938  0.00236588647  0.00376406894
  534.421265  0.00237636943  0.00373760913
  536.893005  0.00238606799  0.00371133513
  539.37616  0.00239533605  0.00368524645
  541.870789  0.00240423181  0.00365934055
  544.377014  0.00241287099  0.00363361649
  546.894775  0.00242130412  0.00360807218
  549.424194  0.00242937868  0.00358270807
  551.965332  0.00243710051  0.00355752138
  554.518188  0.00244544703  0.00353251095
  557.082886  0.00245350297  0.00350767537
  559.659424  0.00246120431  0.00348301558
  562.247864  0.00247005653  0.00345852971
  564.848267  0.00248030829  0.003434218
  567.460754  0.00249016564  0.00341007812
  570.085266  0.00249963021  0.00338610727
  572.721985  0.00251146499  0.00335542392
  575.37085  0.00252292841  0.00332487747
  578.031982  0.00253396924  0.00329460879
  580.705383  0.00254213251  0.00326258666
  583.391235  0.00254751486  0.00322888675
  586.089417  0.00255258474  0.00319553516
  588.800171  0.00255728373  0.00316252653
  591.523376  0.00255919434  0.00312985876
  594.259216  0.00256085326  0.00309752789
  597.00769  0.00256226631  0.00306553207
  599.76886  0.00256265607  0.00303386687
  602.542847  0.00256218365  0.00300252996
  605.329651  0.00256150379  0.00297151669
  608.129333  0.00256055384  0.00294082379
  610.941956  0.00255854521  0.00291044731
  613.767639  0.0025563573  0.00288038421
  616.606323  0.0025539943  0.00285063218
  619.458191  0.00255105924  0.00282112113
  622.323242  0.00254768902  0.00279187108
  625.201538  0.00254416559  0.00276292488
  628.093079  0.00254042447  0.00273427437
  630.998047  0.00253602699  0.0027058823
  633.916504  0.00253149588  0.00267778453
  636.848328  0.00252683507  0.00264998036
  639.793823  0.00252177566  0.00262246211
  642.75293  0.0025164457  0.00259522884
  645.725708  0.00251100096  0.00256827869
  648.712219  0.00250540208  0.00254160864
  651.712585  0.00249946653  0.00251521636
  654.726746  0.0024934297  0.00248909881
  657.754883  0.00248729205  0.00246325205
  660.797058  0.00248095184  0.00243767397
  663.853333  0.00247447006  0.00241236133
  666.923645  0.00246789865  0.00238731247
  670.00824  0.00246123224  0.002362523
  673.107056  0.00245445641  0.0023379894
  676.220215  0.00244759722  0.00231371075
  679.347778  0.00244065863  0.00228968356
  682.489746  0.00243371911  0.00226590992
  685.646362  0.0024267328  0.00224238238
  688.817505  0.00241966872  0.00221909978
  692.003357  0.00241260976  0.00219605793
  695.203857  0.00240571098  0.0021732531
  698.41925  0.00239873515  0.00215068413
  701.649475  0.00239168433  0.00212834985
  704.894653  0.00238511944  0.00210625073
  708.154846  0.00237863208  0.00208438141
  711.430115  0.00237206277  0.00206273887
  714.720459  0.00236614211  0.00204132008
  718.026123  0.00236181845  0.00202012132
  721.347046  0.00235737255  0.00199914235
  724.68335  0.00235280907  0.00197838154
  728.035034  0.00234728074  0.00195278926
  731.402283  0.00234147394  0.00192645518
  734.785034  0.00233557564  0.00190047652
  738.183472  0.00232870062  0.00187479332
  741.597595  0.00232008845  0.00184935564
  745.027527  0.00231143786  0.00182426244
  748.473328  0.00230275164  0.00179950951
  751.935059  0.00229190709  0.00177610863
  755.412842  0.00228074891  0.00175316446
  758.906677  0.00226960215  0.00173051644
  762.416626  0.00225866702  0.00170871173
  765.942871  0.00224804762  0.00168802775
  769.485352  0.0022374331  0.00166759419
  773.044312  0.00222682371  0.00164740824
  776.61969  0.00221764692  0.00162746676
  780.211609  0.00220858399  0.00160776731
  783.820129  0.0021995015  0.00158830546
  787.445374  0.00219079503  0.00156806968
  791.087341  0.00218256842  0.00154680805
  794.746155  0.00217430806  0.00152583467
  798.421936  0.00216601533  0.0015051458
  802.114685  0.00215537893  0.00148260244
  805.824463  0.0021446594  0.00146030937
  809.551453  0.00213395455  0.00143835112
  813.295654  0.00212197308  0.00141675724
  817.057251  0.00210865843  0.0013955232
  820.836182  0.0020954099  0.00137460744
  824.632568  0.0020822275  0.00135402323
  828.446594  0.00206920109  0.00133691065
  832.278137  0.00205623847  0.00132001471
  836.127563  0.00204333873  0.00130333204
  839.994629  0.00203093747  0.00128686056
  843.8797  0.00201897556  0.00127059675
  847.782715  0.00200706185  0.00125453866
  851.703735  0.00199531647  0.00123868359
  855.642883  0.00198580907  0.00122302922
  859.600342  0.00197630748  0.00120757276
  863.57605  0.00196681381  0.00119231082
  867.570129  0.00195704889  0.0011750469
  871.582703  0.00194709247  0.00115643139
  875.61377  0.00193715433  0.00113811111
  879.663574  0.00192701956  0.00112002634
  883.732056  0.00191493658  0.00110173563
  887.819397  0.00190291298  0.00108374353
  891.925598  0.00189094886  0.00106604525
  896.050842  0.00187811581  0.00104863616
  900.195129  0.00186479534  0.00103151146
  904.358582  0.00185156183  0.00101466593
  908.541321  0.00183825532  0.000998269883
  912.743408  0.00182409876  0.000983166043
  916.964844  0.00181004731  0.000968290959
  921.205933  0.00179609994  0.000953640498
  925.466553  0.00178243115  0.000939788879
  929.746826  0.00176894944  0.000926424342
  934.046936  0.00175556482  0.000913249445
  938.367004  0.00174237147  0.000900240964
  942.70697  0.0017296772  0.000887328992
  947.067078  0.0017170686  0.000874602178
  951.447266  0.00170454616  0.000862058077
  955.847839  0.00169201207  0.000849555712
  960.268677  0.00167952548  0.000837180589
  964.709961  0.0016671255  0.000824985502
  969.171814  0.00165477139  0.000812970335
  973.654297  0.00164237374  0.000801137416
  978.157532  0.00163006422  0.0007894765
  982.68158  0.00161784235  0.000777985377
  987.226501  0.00160563737  0.00076664472
  991.79248  0.0015934977  0.000755464018
  996.379578  0.00158144545  0.000744446355
  1000.98792  0.00156947691  0.000733582245
  1005.61755  0.0015575859  0.000722860859
  1010.26862  0.00154578104  0.000712296169
  1014.9411  0.00153406174  0.00070188602
  1019.63531  0.00152231974  0.000691477791
  1024.3512  0.00151063805  0.000681187783
  1029.08887  0.00149904273  0.000671051035
  1033.84851  0.00148747594  0.000661050784
  1038.63013  0.00147587981  0.000651170558
  1043.43384  0.00146437122  0.000641438062
  1048.25977  0.0014529496  0.000631850562
  1053.10803  0.00144148164  0.000622369291
  1057.97876  0.00143007818  0.000613023527
  1062.87195  0.00141876261  0.000603818276
  1067.78784  0.00140748057  0.000594751094
  1072.72632  0.00139619666  0.000585820526
  1077.68787  0.001385001  0.000577023951
  1082.67224  0.00137389323  0.00056835945
  1087.67957  0.00136277603  0.000559825043
  1092.71021  0.00135173555  0.000551418692
  1097.76404  0.0013407832  0.000543138303
  1102.84131  0.0013298773  0.000534982304
  1107.94202  0.00131900236  0.000526948541
  1113.06628  0.00130821532  0.000519035268
  1118.21436  0.00129751477  0.000511240854
  1123.38611  0.00128682086  0.000503565068
  1128.58179  0.00127620902  0.000496004766
  1133.80151  0.00126568356  0.000488557853
  1139.04553  0.00125520909  0.000481223193
  1144.3136  0.00124478142  0.00047399936
  1149.60608  0.00123443932  0.000466883823
  1154.9231  0.00122418196  0.000459875155
  1160.26477  0.00121394044  0.000452969514
  1165.63098  0.00120378309  0.00044616792
  1171.02209  0.00119370956  0.000439468451
  1176.43823  0.00118368759  0.000432869041
  1181.87927  0.00117371848  0.000426368468
  1187.34558  0.00116383249  0.000419965538
  1192.83716  0.0011540273  0.000413658709
  1198.354  0.00114425016  0.000407446787
  1203.89648  0.00113455497  0.000401328143
  1209.4646  0.00112494151  0.000395301089
  1215.05847  0.00111537823  0.000389364577
  1220.67822  0.0011058714  0.000383517036
  1226.32385  0.00109644549  0.000377757387
  1231.99573  0.00108709536  0.000372084527
  1237.69385  0.00107778178  0.000366500783
  1243.41821  0.00106854772  0.000361000741
  1249.16907  0.00105939235  0.000355583383
  1254.94666  0.00105028937  0.00035024932
  1260.75073  0.00104124809  0.000344996806
  1266.58179  0.00103228388  0.000339822989
  1272.43982  0.00102339196  0.000334726647
  1278.32495  0.00101454405  0.000329708098
  1284.2373  0.00100577238  0.000324764784
  1290.177  0.00099707616  0.000319895567
  1296.14404  0.000988435  0.000315100217
  1302.13892  0.00097985717  0.000310377043
  1308.16138  0.000971353846  0.000305724738
  1314.21167  0.000962918857  0.000301142194
  1320.29004  0.000954531773  0.000296628714
  1326.39636  0.00094621774  0.000292182871
  1332.53113  0.000937975768  0.000287803443
  1338.69409  0.00092978758  0.000283489324
  1344.88562  0.00092166278  0.000279239699
  1351.10583  0.000913608703  0.000275053695
  1357.35474  0.000905619701  0.000270930672
  1363.63257  0.00089768169  0.00026686964
  1369.93958  0.000889812945  0.000262869464
  1376.27551  0.000882013293  0.0002589293
  1382.64099  0.000874267193  0.000255048129
  1389.03564  0.000866584189  0.000251225254
  1395.46008  0.000858968357  0.000247459422
  1401.91418  0.000851415098  0.00024375027
  1408.39819  0.000843916496  0.000240096881
  1414.91199  0.000836484018  0.000236498367
  1421.45618  0.000829116558  0.000232953593
  1428.0304  0.000821812369  0.000229461584
  1434.63513  0.00081457186  0.000226021701
  1441.27051  0.000807394972  0.000222633302
  1447.9364  0.000800279609  0.000219291003
  1454.63318  0.000793222862  0.000215988155
  1461.36096  0.00078622828  0.000212734943
  1468.11987  0.000779295166  0.000209530815
  1474.90991  0.000772443367  0.000206355355
  1481.73157  0.000765655423  0.000203224059
  1488.58459  0.000758927257  0.000200140246
  1495.46948  0.000752247171  0.000197070374
  1502.38611  0.000745606085  0.000193988119
  1509.33472  0.000739023497  0.000190954044
  1516.31543  0.000732498942  0.000187967467
  1523.32849  0.000725956517  0.000185016776
  1530.37402  0.000719461706  0.000182110889
  1537.45215  0.000713025103  0.00017925055
  1544.56287  0.000706630992  0.000176435278
  1551.70654  0.000700271397  0.000173664288
  1558.88342  0.000693968905  0.000170936735
  1566.09326  0.000687723339  0.00016825214
  1573.33655  0.000681505306  0.000165610283
  1580.61328  0.000675341056  0.000163009943
  1587.92383  0.000669232453  0.000160450421
  1595.26807  0.000663167855  0.000157931048
  1602.64624  0.000657144177  0.000155451082
  1610.05859  0.000651175156  0.000153009983
  1617.50525  0.000645260268  0.000150607288
  1624.98633  0.00063937786  0.000148241568
  1632.50195  0.000633548421  0.000145912985
  1640.05237  0.000627772068  0.000143620986
  1647.6377  0.000622038729  0.000141364813
  1655.25818  0.000616347766  0.000139143915
  1662.9137  0.000610709016  0.00013695794
  1670.60486  0.000605121488  0.000134806251
  1678.33154  0.000599568419  0.00013268867
  1686.09387  0.000594066281  0.00013060437
  1693.89233  0.000588614552  0.000128552696
  1701.72656  0.000583207293  0.000126533763
  1709.59717  0.000577844505  0.00012454683
  1717.50415  0.000572531077  0.000122591096
  1725.44763  0.000567266019  0.000120665158
  1733.42798  0.000562039029  0.000118754091
  1741.44519  0.000556860236  0.000116873285
  1749.49951  0.000551729114  0.000115022282
  1757.59106  0.000546632218  0.000113197144
  1765.71997  0.000541573041  0.000111398542
  1773.88647  0.000536560721  0.00010962849
  1782.09094  0.000531592406  0.000107885957
  1790.33313  0.000526651042  0.000106166772
  1798.61353  0.000521755544  0.000104474966
  1806.93225  0.000516905566  0.000102810125
  1815.28955  0.000512089056  0.000101172685
  1823.6853  0.00050731079  9.95618466E-05
  1832.12  0.000502577052  9.79766555E-05
  1840.59375  0.000497885223  9.64166247E-05
  1849.10645  0.000493225234  9.48814923E-05
  1857.65881  0.000488608668  9.3370676E-05
  1866.25037  0.000484035525  9.18839869E-05
  1874.88196  0.000479495415  9.04202898E-05
  1883.55347  0.000474993256  8.89795774E-05
  1892.26489  0.000470533472  8.75618425E-05
  1901.01685  0.000466112688  8.61668377E-05
  1909.80908  0.000461722171  8.47946358E-05
  1918.64221  0.000457372895  8.34442908E-05
  1927.51599  0.000453064626  8.21154463E-05
  1936.43091  0.000448788487  8.08080076E-05
  1945.38708  0.00044454931  7.95214073E-05
  1954.38464  0.00044035021  7.82553616E-05
  1963.42371  0.000436187489  7.70094848E-05
  1972.50464  0.000432053901  7.57835005E-05
  1981.62769  0.000427959341  7.45770303E-05
  1990.79285  0.000423903635  7.33897687E-05
  2000.00037  0.000419879681  7.22261684E-05