 Cr Density=7.19
 Energy(eV), Delta, Beta
  200.  0.0183981508  0.00657518487
  200.925018  0.0182102937  0.0065052202
  201.854294  0.0180327743  0.00643926999
  202.787903  0.017863391  0.00637647137
  203.725784  0.0176956039  0.00631428696
  204.668045  0.0175304078  0.00625270791
  205.614639  0.0173722338  0.00619173562
  206.565613  0.0172154866  0.00613135844
  207.521011  0.0170601495  0.006071568
  208.480804  0.0169084091  0.00601235917
  209.445053  0.0167587604  0.00595372682
  210.413742  0.0166104361  0.00589566678
  211.386917  0.0164638478  0.00583842956
  212.364578  0.0163194016  0.00578225777
  213.346786  0.0161762144  0.00572662521
  214.333527  0.0160342827  0.0056715291
  215.324829  0.0158994868  0.0056197634
  216.320724  0.0157663021  0.00556870224
  217.321228  0.0156342238  0.00551810488
  218.326355  0.0155052282  0.00546796853
  219.336121  0.0153791681  0.00541828712
  220.350571  0.0152541148  0.00536905741
  221.36969  0.0151305236  0.00531922141
  222.393539  0.0150120109  0.0052605141
  223.422119  0.0148943998  0.00520245591
  224.455475  0.0147776799  0.00514503662
  225.493591  0.014659049  0.00508569786
  226.536514  0.0145400949  0.0050259023
  227.584259  0.0144220917  0.00496680755
  228.636856  0.0143043036  0.00490840711
  229.694321  0.0141855963  0.00485069025
  230.756668  0.014067865  0.00479365187
  231.823914  0.0139511013  0.00473728543
  232.896133  0.0138337286  0.00468158443
  233.973282  0.0137171  0.00462653954
  235.05542  0.0136014484  0.00457214285
  236.142563  0.01348635  0.00451904302
  237.234741  0.0133717312  0.00446733367
  238.331955  0.0132580819  0.00441621616
  239.434265  0.0131454673  0.00436585769
  240.541672  0.0130354119  0.00431968877
  241.654175  0.0129262721  0.0042740088
  242.771866  0.0128180319  0.00422881031
  243.894699  0.0127120148  0.004184091
  245.02272  0.012607771  0.00413977914
  246.15596  0.0125116333  0.00409270264
  247.294449  0.0124161988  0.00404616259
  248.438187  0.0123213027  0.00399597595
  249.58725  0.0122268945  0.00394105865
  250.741608  0.012133182  0.00388689921
  251.901291  0.0120400591  0.00383346714
  253.066345  0.0119436458  0.0037801303
  254.236786  0.0118479887  0.00372753548
  255.412674  0.0117530776  0.00367567153
  256.593964  0.0116550438  0.00361887971
  257.780731  0.0115553979  0.00355945877
  258.972992  0.0114565967  0.00350101246
  260.170746  0.0113576595  0.00344352867
  261.374054  0.0112557383  0.00338699319
  262.582916  0.0111547327  0.00333138346
  263.797363  0.0110546323  0.003276692
  265.017456  0.0109509556  0.00322288997
  266.243195  0.0108470777  0.00316997245
  267.474579  0.010744187  0.00311792456
  268.71167  0.010638223  0.00306742452
  269.954468  0.010526753  0.00301885558
  271.203003  0.010416436  0.00297105685
  272.457367  0.0103072524  0.00292401318
  273.717499  0.0101958895  0.00288741803
  274.983459  0.0100855995  0.00285158632
  276.25528  0.00997647457  0.00281619956
  277.532959  0.00986729283  0.00278125471
  278.816589  0.00976360776  0.00275458116
  280.10611  0.00966390222  0.00273247482
  281.401642  0.00956520066  0.00271054427
  282.703125  0.00946568046  0.00268357387
  284.010651  0.00936709344  0.00265662791
  285.324219  0.00927365571  0.00263973023
  286.64386  0.00918263011  0.00262647658
  287.969604  0.00909267738  0.00261192839
  289.301453  0.00900734216  0.00259978184
  290.639526  0.00892979093  0.0025869403
  291.983734  0.0088526262  0.00256416225
  293.334167  0.00878306106  0.00254880544
  294.690857  0.00871465076  0.00252968632
  296.053833  0.00864769239  0.00250493945
  297.423096  0.00858122855  0.00248043472
  298.798706  0.00851525553  0.00245616981
  300.180664  0.00845102314  0.0024277491
  301.569  0.00838726945  0.00239960221
  302.963776  0.00832397211  0.00237178104
  304.365021  0.00825734157  0.00233904039
  305.772736  0.0081884712  0.00230295607
  307.186951  0.00812016893  0.00226742844
  308.607697  0.00805162732  0.00223204331
  310.035034  0.00797962304  0.00219518854
  311.468964  0.00790826324  0.0021589424
  312.909546  0.00783753954  0.00212329463
  314.35675  0.00776136201  0.00209121918
  315.810669  0.00768395374  0.00206058752
  317.271332  0.00760731101  0.00203040359
  318.738708  0.00753141381  0.00200200267
  320.212921  0.00745623605  0.00197652541
  321.693909  0.00738180568  0.00195137307
  323.181763  0.00730811292  0.00192654028
  324.676483  0.00724851247  0.00190202252
  326.178131  0.00718165841  0.00186287612
  327.686737  0.00709896022  0.00185011409
  329.202332  0.00704292394  0.00182345218
  330.724884  0.00698731933  0.0017971748
  332.254517  0.00693214219  0.00177127484
  333.791199  0.00686642714  0.00174507301
  335.335022  0.00680084946  0.00171922892
  336.885956  0.00673589809  0.00169376796
  338.444092  0.00666983146  0.00166783016
  340.009399  0.00660298346  0.00164159224
  341.58197  0.00653680088  0.0016157669
  343.161804  0.00647112401  0.00159034855
  344.748962  0.00640513562  0.00156533148
  346.343445  0.00633981405  0.00154070812
  347.945312  0.00627515092  0.00151647115
  349.554565  0.00620948523  0.00149295479
  351.171265  0.00614387216  0.00146993028
  352.795471  0.00607894035  0.00144726038
  354.427185  0.00601369189  0.00142592238
  356.066406  0.00594698032  0.00140702142
  357.713257  0.00588098587  0.00138837064
  359.367676  0.00581573369  0.00136995246
  361.029785  0.00575774396  0.00134860969
  362.699585  0.00569920894  0.00132818159
  364.377106  0.00563258165  0.00131256017
  366.062347  0.00556952227  0.00129241974
  367.755402  0.00550766336  0.00127173215
  369.456299  0.00544854999  0.00126356934
  371.16507  0.00539327273  0.00124043506
  372.881714  0.00532838469  0.00123250904
  374.606323  0.00528043928  0.00120987091
  376.338898  0.00523125287  0.00120215188
  378.079498  0.00517488085  0.00118853012
  379.828156  0.00511611905  0.00117275235
  381.584869  0.0050580008  0.00115718413
  383.349701  0.00500131911  0.00114182243
  385.122742  0.00494704442  0.00112666399
  386.903961  0.00489334669  0.00111170742
  388.69339  0.00484021893  0.00109694956
  390.491119  0.0047872276  0.00108238682
  392.29718  0.00473475223  0.0010680171
  394.111572  0.00468283752  0.00105383829
  395.934357  0.0046292902  0.0010398482
  397.765594  0.00457402505  0.00102604413
  399.605286  0.00451938575  0.00101242342
  401.453491  0.00447307061  0.00100765261
  403.310211  0.00442669727  0.000989395776
  405.175537  0.00438074302  0.000971493893
  407.0495  0.00432893075  0.000956962002
  408.932159  0.00427770009  0.000942647457
  410.823486  0.00422704685  0.00092854735
  412.723602  0.00417671911  0.000914657256
  414.632477  0.00412679696  0.000900974614
  416.550171  0.00407743966  0.000887496921
  418.476715  0.00402841251  0.000874262594
  420.412201  0.00397895044  0.000861405453
  422.356598  0.00393005786  0.000848737487
  424.310059  0.00388172478  0.000836255087
  426.272522  0.0038328669  0.000823976996
  428.24408  0.00378426793  0.000811884645
  430.224701  0.00373623939  0.000799970119
  432.214539  0.00368827023  0.000788230042
  434.213531  0.00363999791  0.000776662608
  436.221802  0.00359230116  0.000765264791
  438.239349  0.00354517344  0.000754034205
  440.266235  0.00349717727  0.00074296823
  442.302521  0.00344969193  0.000732064073
  444.348206  0.0034027861  0.00072132051
  446.40332  0.003355572  0.000710759894
  448.467957  0.00330820191  0.0007003746
  450.542175  0.00326141831  0.000690140936
  452.625946  0.00321498583  0.000680057856
  454.71936  0.0031676197  0.000670127978
  456.822449  0.00312085263  0.000660343096
  458.935303  0.00307216123  0.00065073208
  461.057892  0.00302070868  0.000645751308
  463.190308  0.00295793219  0.00063329906
  465.332611  0.00292457896  0.000624361157
  467.484802  0.00289158989  0.000615549739
  469.646942  0.00282818731  0.000607882277
  471.819122  0.00277677993  0.000599111139
  474.001251  0.0027260799  0.000590467011
  476.193573  0.00267607602  0.000581947155
  478.395996  0.00262700184  0.00057354942
  480.608612  0.00259315665  0.000565533701
  482.831421  0.00254159863  0.000557964144
  485.064545  0.00249076914  0.000550495868
  487.308014  0.00244065817  0.00054312736
  489.561829  0.00239133323  0.000535661296
  491.826111  0.00235278462  0.000527929107
  494.100861  0.00230230857  0.000520985224
  496.386108  0.00225256104  0.000514132727
  498.681915  0.00220353366  0.000507370394
  500.988342  0.00215775124  0.000496267166
  503.30542  0.00209508417  0.000488861406
  505.63327  0.00203338591  0.000481566036
  507.971863  0.00197264459  0.000474379514
  510.321228  0.00192745135  0.000467002974
  512.681519  0.00187713583  0.000459644478
  515.052673  0.00181414676  0.000451113505
  517.434814  0.00175425864  0.000446008547
  519.828003  0.00169023289  0.000439200201
  522.232239  0.00162723544  0.000432495872
  524.647644  0.0015652529  0.000425893842
  527.074158  0.00149545167  0.000419392978
  529.511902  0.00142402132  0.000412991416
  531.960938  0.00135054323  0.000411646441
  534.421265  0.00127203227  0.000403706275
  536.893005  0.00118933339  0.000397362106
  539.37616  0.00110579317  0.000393521244
  541.870789  0.00100077386  0.000386454718
  544.377014  0.000896095356  0.000379304896
  546.894775  0.000793255691  0.00037228741
  549.424194  0.000675386807  0.000365400221
  551.965332  0.000530884776  0.000358532881
  554.518188  0.000357128942  0.000353144889
  557.082886  0.000155856702  0.000347997702
  559.659424 -5.71678429E-05  0.000343487511
  562.247864 -0.00039796182  0.000339622493
  564.848267 -0.000732489862  0.000335801014
  567.460754 -0.00128590071  0.000338148762
  570.085266 -0.0022192765  0.000359173631
  572.721985 -0.00486455671  0.000794543419
  575.37085 -0.00333342655  0.0108135017
  578.031982  0.00201974274  0.00471368013
  580.705383 -0.000205137665  0.00257646246
  583.391235 -0.00232778792  0.00817104336
  586.089417  0.00362778665  0.00560595421
  588.800171  0.00313884648  0.0036071965
  591.523376  0.00271234405  0.00326292985
  594.259216  0.00264149089  0.00293692714
  597.00769  0.00247987756  0.00265035266
  599.76886  0.00236737868  0.00251691462
  602.542847  0.0022913334  0.00238557463
  605.329651  0.00220501143  0.00228150189
  608.129333  0.00214172946  0.00223677396
  610.941956  0.00211194507  0.00215925067
  613.767639  0.00205121143  0.00208990602
  616.606323  0.0019804039  0.00206993404
  619.458191  0.00197169534  0.00207327027
  622.323242  0.00196887995  0.00202393369
  625.201538  0.00191368291  0.00197066832
  628.093079  0.00186028541  0.00198710174
  630.998047  0.00184349203  0.00202782988
  633.916504  0.00185707421  0.00204325491
  636.848328  0.00189248612  0.00206188019
  639.793823  0.00194451527  0.00203920528
  642.75293  0.00197336334  0.00198539672
  645.725708  0.00198855414  0.00193037046
  648.712219  0.00199207314  0.00187321263
  651.712585  0.00196040934  0.00180666323
  654.726746  0.00193313742  0.0017828421
  657.754883  0.00192454027  0.00178975915
  660.797058  0.00191889796  0.00180102186
  663.853333  0.0019225037  0.00180482527
  666.923645  0.00194824883  0.0017625211
  670.00824  0.00195101427  0.00169372675
  673.107056  0.00191507756  0.00164058956
  676.220215  0.00187045767  0.00160859281
  679.347778  0.00182097661  0.0015945608
  682.489746  0.00177097716  0.00159959961
  685.646362  0.0017319218  0.00162872241
  688.817505  0.00173531217  0.0016715778
  692.003357  0.00174990774  0.00169535226
  695.203857  0.00177534646  0.00170737377
  698.41925  0.00180135632  0.00170296733
  701.649475  0.00182712637  0.00169317506
  704.894653  0.00184865447  0.00167190388
  708.154846  0.00186796137  0.00164561358
  711.430115  0.00188675732  0.00161973666
  714.720459  0.00190025952  0.00159098546
  718.026123  0.00189852249  0.00155085989
  721.347046  0.00189527462  0.00151394377
  724.68335  0.00188685895  0.0014858708
  728.035034  0.00187033054  0.00145333563
  731.402283  0.00185466453  0.00143412966
  734.785034  0.00182980334  0.00142311165
  738.183472  0.00181876449  0.00141042261
  741.597595  0.00181818765  0.00141035719
  745.027527  0.00181746786  0.00141029141
  748.473328  0.00181660976  0.00141022715
  751.935059  0.00182508677  0.00141016184
  755.412842  0.00183039194  0.00139991904
  758.906677  0.00183943915  0.00138094474
  762.416626  0.00184509926  0.00136111968
  765.942871  0.00184797903  0.00133991695
  769.485352  0.001862142  0.00131833798
  773.044312  0.00185412075  0.0012821767
  776.61969  0.00185969425  0.00126020168
  780.211609  0.00186227611  0.0012287948
  783.820129  0.00185171666  0.00119468791
  787.445374  0.00183577137  0.00116051245
  791.087341  0.00181793876  0.00113495509
  794.746155  0.00179498759  0.00111774751
  798.421936  0.00178351568  0.00110006577
  802.114685  0.00177578523  0.00108127738
  805.824463  0.00175874878  0.00106588204
  809.551453  0.00173882907  0.00104978215
  813.295654  0.00174541713  0.0010290338
  817.057251  0.00172033207  0.00102244876
  820.836182  0.00169556076  0.00101590564
  824.632568  0.00167109969  0.00100940478
  828.446594  0.0016615435  0.00100250181
  832.278137  0.00165732391  0.00099548453
  836.127563  0.00165304099  0.000988515909
  839.994629  0.00164864084  0.000978609896
  843.8797  0.00164406281  0.000962573977
  847.782715  0.00163942995  0.000946801156
  851.703735  0.00163474353  0.000931286719
  855.642883  0.00162824092  0.000916025543
  859.600342  0.00162154646  0.000901014137
  863.57605  0.00161483849  0.000886248192
  867.570129  0.00160713983  0.000871725555
  871.582703  0.00159847352  0.000857441511
  875.61377  0.0015898312  0.000843391754
  879.663574  0.00158112496  0.000829572033
  883.732056  0.00157154386  0.000815978681
  887.819397  0.00156200537  0.000802607974
  891.925598  0.00155250961  0.000789456593
  896.050842  0.00154268183  0.000776519882
  900.195129  0.00153272657  0.000763794698
  904.358582  0.00152282428  0.000751277257
  908.541321  0.00151283166  0.000738965697
  912.743408  0.00150250422  0.000726855767
  916.964844  0.00149223907  0.000714944559
  921.205933  0.00148203538  0.000703228172
  925.466553  0.00147165626  0.000691919471
  929.746826  0.00146130298  0.000680828758
  934.046936  0.00145101559  0.000669915695
  938.367004  0.00144069875  0.000659184705
  942.70697  0.00143033161  0.000648634508
  947.067078  0.00142003282  0.000638252764
  951.447266  0.00140979677  0.000628037553
  955.847839  0.00139944733  0.000617983984
  960.268677  0.00138916878  0.000608091766
  964.709961  0.00137896114  0.000598358107
  969.171814  0.00136871904  0.000588780211
  973.654297  0.00135848555  0.000579355459
  978.157532  0.00134832459  0.000570081756
  982.68158  0.00133820099  0.000560956425
  987.226501  0.00132802152  0.000551977486
  991.79248  0.00131791609  0.000543142378
  996.379578  0.00130788435  0.000534448714
  1000.98792  0.0012978093  0.000525892887
  1005.61755  0.00128777977  0.000517474429
  1010.26862  0.00127782498  0.000509190548
  1014.9411  0.0012678944  0.00050103938
  1019.63531  0.00125795999  0.000493018946
  1024.3512  0.00124810135  0.000485126744
  1029.08887  0.00123831758  0.000477360969
  1033.84851  0.00122849352  0.00046972069
  1038.63013  0.00121874316  0.000462202908
  1043.43384  0.00120906834  0.000454805326
  1048.25977  0.00119940843  0.000447525759
  1053.10803  0.00118977868  0.000440362957
  1057.97876  0.00118022447  0.000433314737
  1062.87195  0.00117073092  0.000426379178
  1067.78784  0.00116123375  0.000419554126
  1072.72632  0.00115181261  0.000412838475
  1077.68787  0.00114246609  0.000406230101
  1082.67224  0.00113312947  0.000399726909
  1087.67957  0.00112384604  0.000393327762
  1092.71021  0.00111463736  0.000387030886
  1097.76404  0.0011054778  0.000380834972
  1102.84131  0.00109634222  0.000374739029
  1107.94202  0.00108728139  0.000368740759
  1113.06628  0.00107829447  0.000362838444
  1118.21436  0.00106931583  0.00035703156
  1123.38611  0.00106040598  0.000351317693
  1128.58179  0.00105156971  0.00034569524
  1133.80151  0.00104277383  0.000340161991
  1139.04553  0.00103401951  0.000334716315
  1144.3136  0.00102533854  0.00032935795
  1149.60608  0.00101672392  0.000324085413
  1154.9231  0.00100812956  0.000318898004
  1160.26477  0.000999607379  0.000313793425
  1165.63098  0.00099115679  0.000308770803
  1171.02209  0.000982741476  0.000303828536
  1176.43823  0.00097438111  0.00029896546
  1181.87927  0.00096609164  0.00029418015
  1187.34558  0.000957858865  0.000289471354
  1192.83716  0.000949661655  0.000284837559
  1198.354  0.000941534527  0.000280278007
  1203.89648  0.000933476374  0.00027579139
  1209.4646  0.000925449945  0.000271376601
  1215.05847  0.000917486497  0.000267032621
  1220.67822  0.000909591268  0.000262758229
  1226.32385  0.000901746331  0.000258552609
  1231.99573  0.000893948076  0.000254414626
  1237.69385  0.000886216993  0.000250342855
  1243.41821  0.000878551044  0.000246336247
  1249.16907  0.000870918331  0.000242393129
  1254.94666  0.000863351568  0.000238513036
  1260.75073  0.000855850696  0.000234695166
  1266.58179  0.000848393887  0.000230938196
  1272.43982  0.000840990222  0.000227241078
  1278.32495  0.000833650876  0.000223603303
  1284.2373  0.000826369273  0.000220023809
  1290.177  0.000819129753  0.000216501852
  1296.14404  0.000811953854  0.00021303627
  1302.13892  0.000804840238  0.000209626087
  1308.16138  0.000797768123  0.000206270823
  1314.21167  0.000790753344  0.000202969328
  1320.29004  0.000783799915  0.000199720642
  1326.39636  0.000776898931  0.000196523833
  1332.53113  0.000770045619  0.000193377724
  1338.69409  0.000763252552  0.000190282168
  1344.88562  0.000756519381  0.000187236146
  1351.10583  0.000749825267  0.000184239456
  1357.35474  0.000743190118  0.000181290772
  1363.63257  0.000736613583  0.000178389237
  1369.93958  0.000730085187  0.000175533743
  1376.27551  0.000723607838  0.00017272374
  1382.64099  0.000717187591  0.000169958686
  1389.03564  0.000710822002  0.000167237973
  1395.46008  0.000704500417  0.000164560974
  1401.91418  0.000698235002  0.000161926946
  1408.39819  0.000692025176  0.000159335061
  1414.91199  0.000685860519  0.000156784736
  1421.45618  0.000679747318  0.000154275171
  1428.0304  0.000673688657  0.000151805842
  1434.63513  0.000667685352  0.000149375934
  1441.27051  0.000661738042  0.000146984792
  1447.9364  0.000655843818  0.000144631937
  1454.63318  0.000650001981  0.000142316771
  1461.36096  0.00064421125  0.000140038872
  1468.11987  0.000638472091  0.000137797571
  1474.90991  0.000632784097  0.000135592185
  1481.73157  0.000627150584  0.000133403271
  1488.58459  0.000621570973  0.000131233028
  1495.46948  0.000616040837  0.000129098087
  1502.38611  0.000610556512  0.000126991057
  1509.33472  0.00060509477  0.000124866245
  1516.31543  0.000599681924  0.000122776954
  1523.32849  0.000594317331  0.000120722667
  1530.37402  0.000588968338  0.000118702774
  1537.45215  0.000583654037  0.000116716648
  1544.56287  0.000578387699  0.000114763876
  1551.70654  0.000573161466  0.000112843671
  1558.88342  0.000567964686  0.000110955421
  1566.09326  0.00056281517  0.000109098815
  1573.33655  0.000557712279  0.000107273256
  1580.61328  0.000552638434  0.000105478568
  1587.92383  0.000547608361  0.00010371393
  1595.26807  0.000542624155  0.000101978825
  1602.64624  0.000537677959  0.000100272671
  1610.05859  0.000532768492  9.85948573E-05
  1617.50525  0.000527903845  9.69452158E-05
  1624.98633  0.000523082854  9.53231574E-05
  1632.50195  0.000518293469  9.37282239E-05
  1640.05237  0.000513547915  9.2159964E-05
  1647.6377  0.000508845784  9.06179412E-05
  1655.25818  0.000504179101  8.91017335E-05
  1662.9137  0.000499551301  8.76109334E-05
  1670.60486  0.000494965818  8.61450389E-05
  1678.33154  0.000490420032  8.47037008E-05
  1686.09387  0.000485908415  8.32865626E-05
  1693.89233  0.000481438154  8.18930566E-05
  1701.72656  0.000477009162  8.05229429E-05
  1709.59717  0.000472613261  7.91754719E-05
  1717.50415  0.000468256243  7.78505055E-05
  1725.44763  0.000463939505  7.65477234E-05
  1733.42798  0.000459659408  7.52668493E-05
  1741.44519  0.000455414614  7.4007592E-05
  1749.49951  0.000451208994  7.27694132E-05
  1757.59106  0.000447042199  7.15519491E-05
  1765.71997  0.000442907476  7.03547121E-05
  1773.88647  0.000438810966  6.91775058E-05
  1782.09094  0.000434752292  6.80199373E-05
  1790.33313  0.000430727174  6.68819121E-05
  1798.61353  0.000426736602  6.5763008E-05
  1806.93225  0.000422782934  6.4662825E-05
  1815.28955  0.000418865005  6.35809847E-05
  1823.6853  0.000414979731  6.25171233E-05
  1832.12  0.000411130488  6.14710589E-05
  1840.59375  0.000407316867  6.04424349E-05
  1849.10645  0.00040353497  5.94311787E-05
  1857.65881  0.00039978695  5.84367372E-05
  1866.25037  0.000396073854  5.74590049E-05
  1874.88196  0.000392393587  5.64976472E-05
  1883.55347  0.000388744782  5.55524457E-05
  1892.26489  0.000385129999  5.46230622E-05
  1901.01685  0.000381548743  5.37092164E-05
  1909.80908  0.00037799729  5.28104902E-05
  1918.64221  0.000374478608  5.19267887E-05
  1927.51599  0.000370992784  5.10578793E-05
  1936.43091  0.000367537956  5.02036091E-05
  1945.38708  0.000364114007  4.93636799E-05
  1954.38464  0.000360721984  4.85378441E-05
  1963.42371  0.000357361248  4.77258109E-05
  1972.50464  0.000354029529  4.69272527E-05
  1981.62769  0.000350728835  4.61420568E-05
  1990.79285  0.000347458903  4.53699904E-05
  2000.00037  0.000344217988  4.46108716E-05