 Cu Density=8.96
 Energy(eV), Delta, Beta
  200.  0.0219541918  0.0164464731
  200.925018  0.0218416341  0.0162467342
  201.854294  0.0217203498  0.0160442125
  202.787903  0.0215993784  0.01584417
  203.725784  0.0214788057  0.0156466328
  204.668045  0.0213548839  0.0154515598
  205.614639  0.0212279502  0.0152589325
  206.565613  0.0211015474  0.0150687024
  207.521011  0.0209755171  0.0148808369
  208.480804  0.020845985  0.0146953166
  209.445053  0.0207170602  0.0145121086
  210.413742  0.0205887463  0.014331189
  211.386917  0.0204581693  0.0141525287
  212.364578  0.0203260332  0.0139761008
  213.346786  0.0201945901  0.0138018671
  214.333527  0.0200636815  0.0136301592
  215.324829  0.0199316274  0.0134643884
  216.320724  0.0198003054  0.0133006359
  217.321228  0.019669719  0.013138867
  218.326355  0.0195397269  0.0129792737
  219.336121  0.0194103867  0.0128217498
  220.350571  0.0192817692  0.0126661388
  221.36969  0.0191537701  0.0125124156
  222.393539  0.0190257709  0.0123605616
  223.422119  0.0188985057  0.0122105498
  224.455475  0.0187719706  0.0120623577
  225.493591  0.0186455511  0.0119159548
  226.536514  0.0185195412  0.011771326
  227.584259  0.0183942802  0.0116284471
  228.636856  0.0182696097  0.0114873061
  229.694321  0.0181450136  0.0113478797
  230.756668  0.01802117  0.0112101454
  231.823914  0.0178980697  0.0110740848
  232.896133  0.0177752301  0.0109396754
  233.973282  0.0176529344  0.0108069004
  235.05542  0.0175313856  0.0106757358
  236.142563  0.0174104944  0.0105461646
  237.234741  0.0172900483  0.0104181748
  238.331955  0.0171703454  0.0102917347
  239.434265  0.0170513894  0.0101668276
  240.541672  0.0169340372  0.0100434385
  241.654175  0.0168177076  0.00992155261
  242.771866  0.0167020783  0.00980114006
  243.894699  0.0165868513  0.00968111493
  245.02272  0.0164714977  0.0095596388
  246.15596  0.0163568612  0.00943968818
  247.294449  0.01624294  0.00932124164
  248.438187  0.0161277149  0.00920402166
  249.58725  0.0160127021  0.00908820238
  250.741608  0.01589844  0.00897384621
  251.901291  0.0157844406  0.00886093173
  253.066345  0.0156701393  0.00874944869
  254.236786  0.0155566083  0.00863936637
  255.412674  0.0154438363  0.00853066612
  256.593964  0.0153308725  0.0084233284
  257.780731  0.0152184889  0.0083173383
  258.972992  0.0151068773  0.00821268279
  260.170746  0.0149956876  0.00810934417
  261.374054  0.014884647  0.00800730661
  262.582916  0.014774383  0.0079065524
  263.797363  0.0146648865  0.00780706946
  265.017456  0.0145554375  0.00770883681
  266.243195  0.0144466627  0.00761184376
  267.474579  0.0143386601  0.00751607167
  268.71167  0.0142311323  0.00742150377
  269.954468  0.0141239399  0.00732812146
  271.203003  0.0140175205  0.0072359168
  272.457367  0.0139118573  0.00714486931
  273.717499  0.013806357  0.00705496687
  274.983459  0.0137015693  0.00696619786
  276.25528  0.0135975434  0.00687854411
  277.532959  0.0134940362  0.0067919977
  278.816589  0.0133909909  0.00670653861
  280.10611  0.0132887056  0.00662215799
  281.401642  0.0131871644  0.00653883722
  282.703125  0.0130859232  0.00645656371
  284.010651  0.0129854139  0.00637532352
  285.324219  0.0128856488  0.00629510684
  286.64386  0.0127864452  0.00621589879
  287.969604  0.0126878032  0.00613768632
  289.301453  0.0125898961  0.00606046384
  290.639526  0.0124927089  0.00598420482
  291.983734  0.0123959798  0.00590891065
  293.334167  0.0122999717  0.00583456177
  294.690857  0.0122046815  0.00576115027
  296.053833  0.0121100508  0.00568866171
  297.423096  0.0120160822  0.00561708631
  298.798706  0.0119228177  0.00554641103
  300.180664  0.0118303392  0.00547658838
  301.569  0.0117397895  0.00540711125
  302.963776  0.0116499029  0.00533851655
  304.365021  0.0115606794  0.00527078891
  305.772736  0.0114713022  0.0052026012
  307.186951  0.0113820313  0.00513437949
  308.607697  0.0112934327  0.00506705232
  310.035034  0.0112053296  0.00500060711
  311.468964  0.0111165205  0.00493502617
  312.909546  0.011028395  0.00487030577
  314.35675  0.0109409532  0.00480643567
  315.810669  0.0108536957  0.00474340376
  317.271332  0.0107668359  0.00468119653
  318.738708  0.0106806569  0.0046198084
  320.212921  0.0105950525  0.00455922494
  321.693909  0.0105095999  0.00449943403
  323.181763  0.0104248235  0.00444042683
  324.676483  0.0103407176  0.00438219355
  326.178131  0.0102569116  0.00432472769
  327.686737  0.0101735983  0.00426801667
  329.202332  0.010090949  0.00421204884
  330.724884  0.0100088771  0.00415681535
  332.254517  0.00992712006  0.00410229899
  333.791199  0.00984602049  0.00404850021
  335.335022  0.00976557285  0.00399540644
  336.885956  0.00968547352  0.00394300884
  338.444092  0.00960590597  0.00389129855
  340.009399  0.00952698477  0.00384026696
  341.58197  0.00944861956  0.00378990546
  343.161804  0.00937064178  0.00374020752
  344.748962  0.00929329917  0.00369116175
  346.343445  0.0092165852  0.00364275859
  347.945312  0.00914028566  0.00359498523
  349.554565  0.00906454585  0.00354783959
  351.171265  0.00898942538  0.00350131257
  352.795471  0.00891488884  0.00345539604
  354.427185  0.00884088781  0.00341008231
  356.066406  0.00876749586  0.00336536369
  357.713257  0.00869470369  0.00332123041
  359.367676  0.00862233993  0.00327739469
  361.029785  0.00855053216  0.00323407399
  362.699585  0.00847931579  0.00319132605
  364.377106  0.00840853713  0.00314908079
  366.062347  0.00833805464  0.00310728
  367.755402  0.00826815609  0.00306603382
  369.456299  0.00819883868  0.00302533503
  371.16507  0.00812980067  0.00298518059
  372.881714  0.00806129258  0.00294556003
  374.606323  0.00799335726  0.00290646544
  376.338898  0.00792590249  0.00286788912
  378.079498  0.00785887521  0.00282982294
  379.828156  0.00779240998  0.00279226247
  381.584869  0.00772650354  0.00275520072
  383.349701  0.00766100595  0.00271863001
  385.122742  0.00759604294  0.00268254243
  386.903961  0.00753162894  0.00264693587
  388.69339  0.00746772811  0.00261180336
  390.491119  0.00740432646  0.0025771379
  392.29718  0.00734145939  0.00254293275
  394.111572  0.00727912318  0.00250918139
  395.934357  0.0072173439  0.00247587706
  397.765594  0.00715608569  0.00244301371
  399.605286  0.0070953453  0.00241058762
  401.453491  0.00703543006  0.00237859087
  403.310211  0.00697635859  0.0023470209
  405.175537  0.00691777887  0.00231586862
  407.0495  0.00685968623  0.00228513009
  408.932159  0.00680301199  0.00225321297
  410.823486  0.00674680294  0.00222174055
  412.723602  0.00669105025  0.00219070702
  414.632477  0.00663479231  0.00215905067
  416.550171  0.00657813158  0.00212689838
  418.476715  0.00652195187  0.00209522503
  420.412201  0.00646618847  0.00206402293
  422.356598  0.00640962087  0.00203328487
  424.310059  0.00635354407  0.00200300291
  426.272522  0.00629795855  0.00197317335
  428.24408  0.00624235114  0.00194378674
  430.224701  0.00618685409  0.00191483751
  432.214539  0.00613184879  0.00188631914
  434.213531  0.00607726397  0.00185822626
  436.221802  0.00602248078  0.00183055375
  438.239349  0.00596819026  0.00180329347
  440.266235  0.00591438962  0.00177643937
  442.302521  0.00586062856  0.00174998317
  444.348206  0.00580708077  0.00172392209
  446.40332  0.00575402286  0.00169824914
  448.467957  0.00570135191  0.00167295837
  450.542175  0.00564855384  0.00164804352
  452.625946  0.00559624564  0.00162350002
  454.71936  0.00554442126  0.00159932196
  456.822449  0.00549157849  0.00157596567
  458.935303  0.00543846842  0.00155318575
  461.057892  0.00538587244  0.00153073517
  463.190308  0.00533393444  0.00150901766
  465.332611  0.00528316945  0.00148942159
  467.484802  0.00523288734  0.00147008093
  469.646942  0.00518308301  0.00145099126
  471.819122  0.0051344824  0.00143214955
  474.001251  0.00508664269  0.00141355325
  476.193573  0.00503924629  0.00139519782
  478.395996  0.00499234069  0.00137708057
  480.608612  0.0049460344  0.00135919754
  482.831421  0.00490015838  0.00134154689
  485.064545  0.00485470751  0.00132412545
  487.308014  0.00480980566  0.00130693091
  489.561829  0.00476536108  0.00128996046
  491.826111  0.00472132675  0.00127320958
  494.100861  0.00467773946  0.00125667651
  496.386108  0.00463465834  0.00124035776
  498.681915  0.00459197443  0.00122425123
  500.988342  0.00454968447  0.00120835379
  503.30542  0.00450845575  0.00119237974
  505.63327  0.00446776953  0.00117654493
  507.971863  0.00442745117  0.00116092036
  510.321228  0.00438730326  0.00114516087
  512.681519  0.0043471083  0.00112889323
  515.052673  0.00430728262  0.00111285748
  517.434814  0.00426782155  0.00109704945
  519.828003  0.00422811322  0.00108146481
  522.232239  0.004188661  0.00106610148
  524.647644  0.00414957618  0.00105095643
  527.074158  0.00411074236  0.0010360271
  529.511902  0.00407207245  0.00102131045
  531.960938  0.00403376715  0.00100680301
  534.421265  0.00399582181  0.00099250162
  536.893005  0.00395799382  0.000978401513
  539.37616  0.00392049458  0.000964502105
  541.870789  0.00388334994  0.000950800022
  544.377014  0.00384645839  0.000937293284
  546.894775  0.00380977872  0.000923979445
  549.424194  0.00377344759  0.00091085484
  551.965332  0.00373746268  0.0008979165
  554.518188  0.00370162632  0.000885161047
  557.082886  0.00366611942  0.000872586621
  559.659424  0.00363095268  0.000860190834
  562.247864  0.0035960346  0.000847971358
  564.848267  0.00356134889  0.000835925632
  567.460754  0.00352699589  0.000824050338
  570.085266  0.00349297468  0.000812344486
  572.721985  0.00345929991  0.000800804992
  575.37085  0.00342595065  0.000789429469
  578.031982  0.00339292153  0.000778215588
  580.705383  0.00336011266  0.000766931626
  583.391235  0.00332752406  0.000755587185
  586.089417  0.00329525094  0.000744410907
  588.800171  0.0032632756  0.000733394292
  591.523376  0.00323109957  0.000722357305
  594.259216  0.00319923856  0.000711486384
  597.00769  0.00316769071  0.000700779143
  599.76886  0.0031362318  0.000690233253
  602.542847  0.00310490327  0.000679846329
  605.329651  0.00307388557  0.000669615634
  608.129333  0.00304315123  0.000659538957
  610.941956  0.00301240385  0.000649613794
  613.767639  0.00298196427  0.000639837934
  616.606323  0.00295183039  0.000630209281
  619.458191  0.00292180711  0.000620725041
  622.323242  0.00289195823  0.000611384108
  625.201538  0.00286241132  0.000602183689
  628.093079  0.002833131  0.000593121687
  630.998047  0.002803904  0.000584195717
  633.916504  0.0027749741  0.00057540409
  636.848328  0.00274634035  0.000566744944
  639.793823  0.00271786354  0.000558155298
  642.75293  0.00268960348  0.00054966216
  645.725708  0.00266163354  0.000541298417
  648.712219  0.00263386895  0.000533022219
  651.712585  0.00260597491  0.000524673203
  654.726746  0.0025783719  0.000516455213
  657.754883  0.00255105575  0.000508365803
  660.797058  0.00252368255  0.000500402646
  663.853333  0.00249644159  0.000492563995
  666.923645  0.00246948912  0.000484848279
  670.00824  0.00244272035  0.000477253343
  673.107056  0.00241585867  0.000469777384
  676.220215  0.00238928408  0.000462418626
  679.347778  0.00236299378  0.00045517477
  682.489746  0.00233662687  0.000448045175
  685.646362  0.00231041247  0.000441026496
  688.817505  0.00228448352  0.000434118207
  692.003357  0.00225865631  0.000427318126
  695.203857  0.00223258836  0.00042062471
  698.41925  0.00220680819  0.000414035952
  701.649475  0.0021813137  0.000407550484
  704.894653  0.00215561455  0.000401500351
  708.154846  0.00213006511  0.000395634561
  711.430115  0.00210480322  0.000389854511
  714.720459  0.00207977532  0.000384268555
  718.026123  0.00205491204  0.000379015371
  721.347046  0.00203033071  0.000373834075
  724.68335  0.00200602715  0.000368723646
  728.035034  0.00198174058  0.000363683124
  731.402283  0.00195767567  0.000358711462
  734.785034  0.00193388574  0.000353807787
  738.183472  0.00191020954  0.000348971051
  741.597595  0.00188650854  0.000344200467
  745.027527  0.00186308147  0.000339495076
  748.473328  0.00183992542  0.000334853918
  751.935059  0.00181655493  0.000330276496
  755.412842  0.00179338572  0.000325761648
  758.906677  0.00177048903  0.0003213085
  762.416626  0.00174763077  0.000316916383
  765.942871  0.00172468612  0.000312584249
  769.485352  0.00170201575  0.000308311428
  773.044312  0.00167961628  0.000304096931
  776.61969  0.00165688491  0.00029979978
  780.211609  0.00163437356  0.00029555033
  783.820129  0.00161213544  0.000291360979
  787.445374  0.00158966554  0.000287101313
  791.087341  0.00156683056  0.00028273926
  794.746155  0.00154428091  0.000278443506
  798.421936  0.00152201334  0.000274212944
  802.114685  0.00149876333  0.000270046759
  805.824463  0.00147576025  0.000265943905
  809.551453  0.00145305297  0.000261903391
  813.295654  0.00142990984  0.00025792417
  817.057251  0.00140629546  0.000254005281
  820.836182  0.00138299447  0.000250145968
  824.632568  0.00135999254  0.000246345327
  828.446594  0.00133543881  0.000242602473
  832.278137  0.00131122326  0.000238916764
  836.127563  0.00128733926  0.000235286949
  839.994629  0.00126266666  0.000231712329
  843.8797  0.00123735028  0.000228191842
  847.782715  0.0012123927  0.000224724907
  851.703735  0.00118761009  0.000221276729
  855.642883  0.00115989952  0.000217265522
  859.600342  0.00113259768  0.000213326959
  863.57605  0.00110569783  0.000209459642
  867.570129  0.00107613078  0.00020561603
  871.582703  0.00104476057  0.000201809002
  875.61377  0.00101387629  0.000198072536
  879.663574  0.000982660567  0.000194420849
  883.732056  0.000944478903  0.00019097935
  887.819397  0.000906915811  0.000187598765
  891.925598  0.000869963202  0.000184278004
  896.050842  0.000824631308  0.000181200216
  900.195129  0.000774602813  0.000178285016
  904.358582  0.000725419493  0.000175416557
  908.541321  0.000670370529  0.000172232336
  912.743408  0.000576377788  0.000166987971
  916.964844  0.000484055461  0.000161903299
  921.205933  0.000393380615  0.000156973416
  925.466553 -0.000104296829  0.000152193519
  929.746826 -0.000796180801  0.000147559113
  934.046936 -0.000809202204  0.00123628706
  938.367004  0.000188237464  0.00121433334
  942.70697  0.00032938426  0.00119276892
  947.067078  0.000467921898  0.0011715868
  951.447266  0.000603886496  0.00115078152
  955.847839  0.000679756689  0.0011303426
  960.268677  0.000731036242  0.00111026713
  964.709961  0.00078131631  0.00109054835
  969.171814  0.000825836672  0.00107118196
  973.654297  0.000854029728  0.00105216657
  978.157532  0.000881634944  0.00103348854
  982.68158  0.000908660935  0.00101514242
  987.226501  0.000927819347  0.000997121097
  991.79248  0.000944230356  0.000979419332
  996.379578  0.000960261445  0.000962032063
  1000.98792  0.000974290073  0.000944952306
  1005.61755  0.000983825536  0.0009281768
  1010.26862  0.00099310372  0.000911699084
  1014.9411  0.00100212835  0.000895513804
  1019.63531  0.00100690266  0.000879614206
  1024.3512  0.00101053738  0.000863996393
  1029.08887  0.00101402029  0.000848655822
  1033.84851  0.00101620867  0.000834296574
  1038.63013  0.00101593439  0.000821617898
  1043.43384  0.00101557956  0.00080913183
  1048.25977  0.00101514615  0.000796835055
  1053.10803  0.00101452612  0.000786627992
  1057.97876  0.00101381249  0.000776885776
  1062.87195  0.00101302657  0.000767264166
  1067.78784  0.00101212086  0.000757761591
  1072.72632  0.00101106521  0.000748376944
  1077.68787  0.0010099432  0.000739108073
  1082.67224  0.00100875669  0.000729954161
  1087.67957  0.00100712816  0.000720914744
  1092.71021  0.00100539986  0.000711987086
  1097.76404  0.00100361928  0.000703169673
  1102.84131  0.00100161822  0.000694461982
  1107.94202  0.000999337528  0.000685862615
  1113.06628  0.000997014344  0.000677369593
  1118.21436  0.000994649366  0.000668981753
  1123.38611  0.000991919194  0.000660695543
  1128.58179  0.000989135122  0.000652511837
  1133.80151  0.000986318453  0.000644429529
  1139.04553  0.000983339734  0.000636448036
  1144.3136  0.000980184064  0.00062856701
  1149.60608  0.000977003365  0.000620783481
  1154.9231  0.000973798335  0.000613096345
  1160.26477  0.000970362918  0.000605503737
  1165.63098  0.000966905092  0.000598005543
  1171.02209  0.000963428814  0.000590600015
  1176.43823  0.000959862606  0.000583285815
  1181.87927  0.000956211647  0.000576061953
  1187.34558  0.000952546659  0.000568927557
  1192.83716  0.00094886648  0.000561881461
  1198.354  0.000945119769  0.000554922735
  1203.89648  0.000941361475  0.00054805004
  1209.4646  0.000937593053  0.000541262212
  1215.05847  0.000933897973  0.000534559251
  1220.67822  0.000930258131  0.000527939643
  1226.32385  0.000926606474  0.000521402108
  1231.99573  0.000922955631  0.000514904561
  1237.69385  0.000919436687  0.000508014171
  1243.41821  0.000915904704  0.00050121604
  1249.16907  0.000912360032  0.000494508888
  1254.94666  0.000908789574  0.000487546378
  1260.75073  0.000905199209  0.000480456365
  1266.58179  0.000901597959  0.00047346935
  1272.43982  0.00089789991  0.000466499478
  1278.32495  0.000893576595  0.000459039438
  1284.2373  0.000889256888  0.000451698637
  1290.177  0.000884941139  0.00044447527
  1296.14404  0.000880279695  0.00043736826
  1302.13892  0.000875438156  0.000430375017
  1308.16138  0.000870611577  0.000423493795
  1314.21167  0.000865742681  0.000416722731
  1320.29004  0.000860610569  0.000410060427
  1326.39636  0.000855499995  0.000403504702
  1332.53113  0.000850410841  0.000397053431
  1338.69409  0.000845165749  0.00039070475
  1344.88562  0.000839866989  0.000384457089
  1351.10583  0.00083459419  0.000378309283
  1357.35474  0.000829302531  0.000372259849
  1363.63257  0.000823874609  0.000366306951
  1369.93958  0.000818476314  0.000360449194
  1376.27551  0.000813107879  0.000354685209
  1382.64099  0.000807639793  0.000349014532
  1389.03564  0.000802158436  0.000343435153
  1395.46008  0.000796709559  0.000337944541
  1401.91418  0.000791254628  0.000332541706
  1408.39819  0.000785724726  0.000327224465
  1414.91199  0.000780229922  0.000321992295
  1421.45618  0.000774769404  0.000316843623
  1428.0304  0.000769244449  0.000311777141
  1434.63513  0.000763728283  0.000306791597
  1441.27051  0.000758248498  0.00030188571
  1447.9364  0.000752771157  0.000297058024
  1454.63318  0.000747254526  0.000292306708
  1461.36096  0.00074177573  0.000287631236
  1468.11987  0.000736334478  0.000283030706
  1474.90991  0.000730852189  0.000278501422
  1481.73157  0.000725392194  0.000274043996
  1488.58459  0.000719971023  0.00026965799
  1495.46948  0.000714556489  0.000265338866
  1502.38611  0.000709123095  0.000261082751
  1509.33472  0.000703729107  0.000256894971
  1516.31543  0.000698374468  0.000252774305
  1523.32849  0.000692987116  0.00024871889
  1530.37402  0.00068762945  0.00024472826
  1537.45215  0.000682312006  0.000240801499
  1544.56287  0.00067700597  0.000236938271
  1551.70654  0.00067169778  0.000233137442
  1558.88342  0.000666429813  0.000229397541
  1566.09326  0.000661202124  0.000225717653
  1573.33655  0.000655956741  0.00022209638
  1580.61328  0.000650746922  0.000218533169
  1587.92383  0.000645577384  0.000215027074
  1595.26807  0.000640423736  0.000211577266
  1602.64624  0.000635279983  0.000208182624
  1610.05859  0.000630176684  0.000204842276
  1617.50525  0.000625113491  0.000201555697
  1624.98633  0.000620042905  0.000198321737
  1632.50195  0.000615011086  0.00019513967
  1640.05237  0.000610019371  0.000192008694
  1647.6377  0.000605046749  0.000188927937
  1655.25818  0.00060009252  0.000185896686
  1662.9137  0.000595178455  0.000182914111
  1670.60486  0.000590303389  0.000179979324
  1678.33154  0.000585429836  0.000177091788
  1686.09387  0.000580596155  0.000174250526
  1693.89233  0.000575801707  0.000171454725
  1701.72656  0.000571036246  0.000168703933
  1709.59717  0.00056630082  0.000165997248
  1717.50415  0.00056160416  0.000163333971
  1725.44763  0.000556944229  0.000160711876
  1733.42798  0.000552291865  0.000158106443
  1741.44519  0.000547678035  0.000155543254
  1749.49951  0.000543102273  0.00015302161
  1757.59106  0.000538540364  0.000150535518
  1765.71997  0.000533999293  0.000148086008
  1773.88647  0.000529496232  0.000145676371
  1782.09094  0.000525026873  0.000143305078
  1790.33313  0.000520562055  0.000140966251
  1798.61353  0.000516134955  0.000138665608
  1806.93225  0.000511745224  0.000136402508
  1815.28955  0.000507371384  0.000134176604
  1823.6853  0.000503022398  0.000131987283
  1832.12  0.000498710491  0.000129833643
  1840.59375  0.000494431413  0.000127715131
  1849.10645  0.000490166654  0.000125631792
  1857.65881  0.00048593845  0.000123582213
  1866.25037  0.000481746742  0.000121566212
  1874.88196  0.000477575668  0.000119583165
  1883.55347  0.000473433349  0.000117632517
  1892.26489  0.000469326915  0.000115713723
  1901.01685  0.000465251767  0.00011382602
  1909.80908  0.000461195217  0.000111968446
  1918.64221  0.000457173883  0.000110141162
  1927.51599  0.00045318756  0.000108343716
  1936.43091  0.000449222018  0.000106575746
  1945.38708  0.000445285637  0.00010483661
  1954.38464  0.000441383745  0.000103125923
  1963.42371  0.000437511102  0.000101443322
  1972.50464  0.00043365726  9.97886309E-05
  1981.62769  0.000429837324  9.81609264E-05
  1990.79285  0.000426050974  9.65597792E-05
  2000.00037  0.00042229786  9.49935784E-05
