# Magnto-optical constants for Co L edge: delta beta
# energy (eV)   delta_beta * 1e-3
773.4017295738049  0.0019666195585852364
773.534469297383  0.0018981970206584098
773.6672090209612  0.0018297744827315832
773.7999487445393  0.0017613519448047565
773.9326884681174  0.0016929294068777079
774.0654281916954  0.0016245068689508813
774.1981679152735  0.0015560843310240546
774.3309076388517  0.001487661793097228
774.4636473624298  0.0014192392551704014
774.5963870860079  0.0013508167172435748
774.729126809586  0.0012823941793167482
774.8618665331641  0.0012139716413896995
774.9946062567423  0.0011455491034628729
775.1273459803203  0.0010771265655360462
775.2600857038984  0.0010087040276092196
775.3928254274765  0.0004242615161507146
775.5255651510547  -0.002224260889434948
775.6583048746328  -0.0022926834273617747
775.7910445982109  -0.005457225806479116
775.923784321789  -0.005525648344405942
776.056524045367  -0.005594070882332769
776.1892637689452  -0.005662493420259596
776.3220034925233  -0.005730915958186422
776.4547432161014  -0.005799338496113249
776.5874829396795  -0.005867761034040075
776.7202226632576  -0.007484243492562381
776.8529623868358  -0.0106487858716795
776.9857021104139  -0.012265268330201584
777.1184418339919  -0.01233369086812841
777.25118155757  -0.012402113406055237
777.3839212811482  -0.012470535943982064
777.5166610047263  -0.01357099842897247
777.6494007283044  -0.01570350086102623
777.7821404518825  -0.01577192339895328
777.9148801754606  -0.016356365910411563
778.0476198990388  -0.019004888315997226
778.1803596226168  -0.019073310853924053
778.3130993461949  -0.019657753365382558
778.445839069773  -0.024886375638627056
778.5785787933511  -0.02547081815008534
778.7113185169293  -0.028635360529202902
778.8440582405074  -0.0323159228818517
778.9767979640854  -0.04064066499628649
779.1095376876635  -0.04793336716365726
779.2422774112417  -0.05987024909281424
779.3750171348198  -0.07645131078375655
779.5077568583979  -0.09974063213061157
779.640496581976  -0.13077025308044266
779.7474258037472  -0.17434305567050434
779.8380259325387  -0.21277181384670363
779.8949143855007  -0.24721229831218827
779.9612842472898  -0.28254227577072233
779.9944691781843  -0.3187839835471318
780.0276541090789  -0.3544064673553031
780.0763253410574  -0.3934426656182086
780.1050856144993  -0.42720519677040136
780.1382705453939  -0.46716224835623943
780.1648184901095  -0.5099023866722525
780.1869417773726  -0.550782572332287
780.2223390369934  -0.5885734804049239
780.248886981709  -0.6402481359769434
780.2673230544282  -0.690975030791473
780.3057754346711  -0.7433340203499641
780.3263184871296  -0.7921453556205493
780.3595034180241  -0.8511177432310315
780.4037499925502  -0.9082897628123134
780.4184988507254  -0.955255182907915
780.4479965670762  -0.9955199458518187
780.4627454252515  -1.0362931262650397
780.4922431416022  -1.0760418692354115
780.5364897161282  -1.1286987140482905
780.5696746470228  -1.1782537371418187
780.5807362906543  -1.2135552052095495
780.6139212215488  -1.2541314807636257
780.6471061524434  -1.299484626929824
780.673654097159  -1.3485939260620003
780.7061015851447  -1.3914403093744057
780.7429737305831  -1.4409972330939869
780.7835330905652  -1.4859118776778366
780.7982819487406  -1.5313292378528434
780.835154094179  -1.5723718320091515
780.8683390250735  -1.6180567053011916
780.8948869697891  -1.6657506353631095
780.9347088868626  -1.707878391964677
780.9789554613886  -1.751866101222223
781.0358439143506  -1.792410364803197
781.1211765937937  -1.8296077888147206
781.2570767869809  -1.8323316574674282
781.351364130316  -1.7983966580767785
781.4066723484736  -1.754047449743852
781.468828250784  -1.7099229225622532
781.509914355701  -1.658120952196448
781.5541609302271  -1.6307947011119086
781.5812005035485  -1.5898710544694505
781.6205307920161  -1.5286569576215887
781.6559280516369  -1.4791372861726562
781.6900611234141  -1.4340399914250626
781.7311472283312  -1.3750690292841206
781.7785542724663  -1.316433052485112
781.8048915192079  -1.270225982184866
781.847294486462  -1.2183878320445423
781.8815855817197  -1.168403172431615
781.915507955523  -1.1278614882717133
781.9486928864176  -1.0767926165265533
781.9855650318559  -1.0342399749707207
782.0224371772943  -0.9922033533884196
782.0666837518203  -0.9452683433096738
782.1072431118025  -0.904730080276668
782.1514896863285  -0.864149487586271
782.1994234753984  -0.8214919721999847
782.2494642442076  -0.7783932400512732
782.2842294099066  -0.7332962711252893
782.3505992716957  -0.6905008245911184
782.4169691334847  -0.6485310100145989
782.4738575864468  -0.6068954069536907
782.5591902658899  -0.5631514122598082
782.628720597288  -0.5211684833635191
782.7156335115355  -0.4838939821775752
782.8078138751314  -0.4428749082686789
782.9085977393296  -0.40336532741004283
783.0237792984133  -0.36125849579626457
783.1312352651194  -0.32637196154781845
783.268715693111  -0.2869304412030982
783.401455416689  -0.2555216453555895
783.5341951402671  -0.22617692940220735
783.6669348638453  -0.19941231331648424
783.7996745874234  -0.17471177712488783
783.9324143110015  -0.15104328088035457
784.0651540345796  -0.128922844556417
784.1978937581578  -0.11093056802073309
784.3306334817358  -0.09139023156445414
784.4633732053139  -0.07546203492289738
784.596112928892  -0.06056587822840398
784.7288526524701  -0.04979788132216445
784.8615923760483  -0.03954590438945638
784.9943320996264  -0.03290606727147094
785.1270718232045  -0.03194244986233419
785.2598115467825  -0.03304291234732459
785.3925512703606  -0.036207454726441934
785.5252909939388  -0.04092005702615453
785.6580307175169  -0.041504499537612816
785.790770441095  -0.03744476228728577
785.9235101646731  -0.033901045010490405
786.0562498882513  -0.029325287786631682
786.1889896118294  -0.02939371032455851
786.3217293354074  -0.03255825270367607
786.4544690589855  -0.042947074712237576
786.5872087825636  -0.0528198767472674
786.7199485061418  -0.06062859888817007
786.8526882297199  -0.0606970214260969
786.985427953298  -0.05818534409636489
787.118167676876  -0.05206152695191091
787.2509074004541  -0.043873629913330436
787.3836471240323  -0.03516971290121762
787.5163868476104  -0.03317405554501773
787.6491265711885  -0.031178398188817624
787.7818662947666  -0.030214780779680872
787.9146060183448  -0.0302832033176077
788.0473457419229  -0.029319585908470946
788.180085465501  -0.025259848658144346
788.312825189079  -0.024296231249007594
788.4455649126571  -0.02436465378693442
788.5783046362353  -0.024433076324861247
788.7110443598134  -0.023985478889256395
788.8437840833915  -0.021473801559524608
788.9765238069696  -0.021542224097451435
789.1092635305477  -0.02161064663537826
789.2420032541258  -0.02167906917330531
789.3747429777039  -0.0196834118171052
789.507482701282  -0.01871979440796845
789.6402224248601  -0.018788216945895275
789.7729621484383  -0.018856639483822102
789.9057018720164  -0.01892506202174893
790.0384415955945  -0.017961444612612176
790.1711813191725  -0.014417727335817254
790.3039210427506  -0.012938089953148824
790.4366607663288  -0.01300651249107565
790.5694004899069  -0.013074935029002477
790.702140213485  -0.01107927767280259
790.8348799370631  -0.007019540422475323
790.9676196606412  -0.00708796296040215
791.1003593842194  -0.007156385498329199
791.2330991077974  -0.007224808036256025
791.3658388313755  -0.007293230574182852
791.4985785549536  -0.006845633138578
791.6313182785318  -0.004333955808846213
791.7640580021099  -0.004402378346773039
791.896797725688  -0.004470800884699866
792.0295374492661  -0.004539223422626915
792.1622771728441  -0.004607645960553741
792.2950168964223  -0.003644028551416989
792.4277566200004  -0.00164837119521688
792.5604963435785  -0.0017167937331437066
792.6932360671566  -0.0017852162710705333
792.8259757907347  -0.0018536388089973599
792.9587155143129  -0.0019220613469244086
793.091455237891  -0.00044242396425597796
793.224194961469  0.003101293312539166
793.3569346850471  0.004064910721675918
793.4896744086253  0.003996488183749092
793.6224141322034  0.003928065645822265
793.7551538557815  0.0064397429755542746
793.8878935793596  0.013079580093539489
794.0206333029377  0.02487961694684282
794.1533730265159  0.03771169374720906
794.2861127500939  0.0557039702828932
794.418852473672  0.07782440660683076
794.5515921972501  0.10355698274549074
794.6843319208282  0.13393373864593605
794.8170716444064  0.17153477417582574
794.9470459570766  0.20526708537376748
795.0604278042996  0.2437553331454423
795.1673570260708  0.28487860887772265
795.2595373896667  0.3258546811221572
795.3480305387188  0.3664456390124968
795.4365236877709  0.4120677916447706
795.5139551931915  0.45240644142650477
795.5913866986119  0.4955832010626635
795.6798798476641  0.5454625184765742
795.7573113530846  0.5947025128017309
795.8347428585051  0.6382662874180383
795.9232360075572  0.6797602802620584
796.0559757311354  0.6910442971418296
796.1887154547135  0.6863316948421172
796.3214551782916  0.667686553257048
796.4541949018696  0.6428491719895979
796.5869346254478  0.6123355710132987
796.7196743490259  0.5787258501958092
796.852414072604  0.5451161293783193
796.9851537961821  0.5078942687461077
797.1178935197602  0.47531658787568154
797.2506332433384  0.4437709469523192
797.3833729669165  0.41635346581721033
797.5161126904945  0.3879039447350383
797.6488524140726  0.35997044362639774
797.7815921376507  0.3341010224118839
797.9143318612289  0.30926364114443383
798.047071584807  0.2870063597446426
798.1798113083851  0.2668131582389781
798.3125510319632  0.24713597670684528
798.4452907555414  0.23158695496296633
798.5780304791194  0.21706997316615118
798.7107702026975  0.2046170712634625
798.8435099262756  0.1911321294137105
798.9762496498537  0.18229136732574425
799.1089893734319  0.1755146851319047
799.24172909701  0.1656418830968751
799.374468820588  0.15938122087656748
799.5072085441661  0.15312055865625984
799.6399482677442  0.14737591640948366
799.7726879913224  0.1426633141097713
799.9054277149005  0.13485459196886862
800.0381674384786  0.12910994972209244
800.1709071620567  0.12542938736944365
800.3036468856349  0.11968474512266769
800.436386609213  0.11548816279648677
800.569126332791  0.11180760044383775
800.7018660563691  0.1060629581970618
800.8346057799472  0.09980229597675416
800.9673455035254  0.09715377357116872
801.1000852271035  0.0934732112185197
801.2328249506816  0.08979264886587068
801.3655646742596  0.08662810648675356
801.4983043978377  0.08346356410763622
801.6310441214159  0.08029902172851888
801.763783844994  0.07765049932293322
801.8965235685721  0.07345391699675274
802.0292632921502  0.06822529472350847
802.1620030157284  0.06712483223851828
802.2947427393065  0.06447630983293262
802.4274824628845  0.06182778742734718
802.5602221864626  0.061243344915888454
802.6929619100407  0.0560147226426444
802.8257016336189  0.054914260157653993
802.958441357197  0.05278175772560023
803.0911810807751  0.051681295240609826
803.2239208043532  0.049032772835024385
803.3566605279312  0.04844833032356588
803.4894002515094  0.04734786783857525
803.6221399750875  0.042635265538862877
803.7548796986656  0.04205082302740437
803.8876194222437  0.040950360542413966
804.0203591458219  0.03623775824270159
804.1530988694  0.035653315731243085
804.285838592978  0.03558489319331626
804.4185783165561  0.03551647065538921
804.5513180401342  0.03338396822333545
804.6840577637124  0.03228350573834504
804.7725509127645  0.03223789071306049
