# Magnto-optical constants for Co L edge: beta
# energy (eV)   beta * 1e-3
773.4226269181563  0.4323703090716373
773.5552807816285  0.43261062404169603
773.6879346451009  0.43285093901175387
773.8205885085732  0.4330912539818126
773.9532423720455  0.4333315689518713
774.0858962355178  0.43357188392193
774.21855009899  0.43381219889198785
774.3512039624624  0.4340525138620466
774.4838578259347  0.4342928288321053
774.6165116894069  0.4381578946005469
774.7491655528793  0.44564771116737045
774.8818194163516  0.4458880261374283
775.0144732798238  0.45156546730506086
775.1471271432962  0.45905528387188443
775.2797810067685  0.4683574758378999
775.4124348702408  0.4685977908079577
775.5450887337131  0.47789998277397316
775.6777425971853  0.4799526731432229
775.8103964606577  0.4801929881132816
775.94305032413  0.48949518007929704
776.0757041876022  0.5024221228436936
776.2083580510746  0.5026624378137523
776.3410119145469  0.5083398789813849
776.4736657780192  0.5140173201490175
776.6063196414915  0.5251318875142239
776.7389735049638  0.5253722024842826
776.8716273684361  0.5364867698494891
777.0042812319084  0.5476013372146955
777.1369350953806  0.5514664029831362
777.269588958853  0.5625809703483426
777.4022428223253  0.5827574147095049
777.5348966857975  0.5993091082722852
777.6675505492699  0.6212979280326403
777.8002044127422  0.6487238739905674
777.9328582762145  0.6870240723436432
778.0655121396868  0.7253242706967198
778.1981660031591  0.7672492198481784
778.3308198666314  0.8182360459955929
778.4634737301037  0.8710352475422001
778.5961275935759  0.9274591998871884
778.7287814570483  0.9929450292281343
778.8614353205206  1.0602432339682721
778.9940891839929  1.136603315704365
779.1267430474652  1.2184005236380324
779.2593969109375  1.3074472331684648
779.3920507744098  1.403743444295663
779.5247046378821  1.5145386586163898
779.6573585013545  1.639832876130649
779.778957876204  1.7651070673974028
779.8950300067422  1.9012454979355518
779.9874139473748  2.036564282772252
780.0442656031486  2.160323059281385
780.1105925348847  2.2858595943904536
780.1680758757227  2.425879111695048
780.2299810120098  2.5782307922131453
780.2911491823887  2.717532034773897
780.3353671368795  2.8698516732959867
780.3759002618293  3.02868918783933
780.4090637276975  3.1608714331828898
780.4422271935655  3.300665655203055
780.4864451480563  3.4831613441216787
780.5196086139243  3.6640058689335264
780.5490872502515  3.832610184384997
780.5638265684152  3.935942283802241
780.5938316089624  4.113091608337877
780.6338383296921  4.307606073537324
780.6633169660194  4.490709392182325
780.6854259432647  4.621240473419109
780.7043764951893  4.8076905594745085
780.7384874886536  5.001935433237307
780.7738618522462  5.208610312737131
780.7738618522462  5.31735283668861
780.818079806737  5.464235349013125
780.8534541703297  5.661123401357315
780.8926976049402  5.834095107618809
780.9249398634231  6.051638565410322
780.9617881588321  6.206663416199527
780.990529829251  6.34209992676263
781.0423280045117  6.514006951879989
781.1386599767951  6.630173491870775
781.2602593516447  6.5426748112724695
781.3044773061355  6.427487840873923
781.3708042378717  6.3007417204155605
781.4371311696078  6.141372842771755
781.5034581013439  5.982003965127949
781.5587305444574  5.846175941426125
781.6029484989482  5.729357833168306
781.6493773511635  5.606019178722899
781.721389448477  5.444900007047167
781.7820312146357  5.280031921838521
781.8540433119493  5.134447396441573
781.9235286690063  4.9805213667803425
781.9810120098442  4.856296550882844
782.0635521915603  4.709522847836439
782.1593577596236  4.540541371390292
782.2709554542909  4.394200044563825
782.3767627025366  4.273609849543837
782.4873075887634  4.153287147972664
782.6199614522358  4.037535437394479
782.7526153157081  3.9761549887920333
782.8852691791803  3.936523044979883
783.0179230426527  3.895078725768541
783.150576906125  3.8119497723758
783.2832307695973  3.687136184801659
783.4158846330696  3.5532607202315596
783.5485384965419  3.4356966342541835
783.6811923600142  3.329006800671956
783.8138462234865  3.2277540932873006
783.9465000869587  3.130126136701029
784.0791539504311  3.03793530631233
784.2118078139034  2.954806352919589
784.3444616773756  2.878926901123613
784.477115540848  2.8048598247268277
784.6097694043203  2.7326051237292344
784.7424232677926  2.6694122997275977
784.8750771312649  2.6062194757259602
785.0077309947372  2.5484637779218966
785.1403848582095  2.4961452063154086
785.2730387216818  2.443826634708918
785.405692585154  2.389695687703237
785.5383464486264  2.346438993092705
785.6710003120987  2.297745172284598
785.803654175571  2.258113228472448
785.9363080390433  2.216668909261106
786.0689619025156  2.1788493408481475
786.2016157659879  2.144654523233571
786.3342696294602  2.105022579421421
786.4669234929326  2.070827761806844
786.5995773564048  2.0402576949906504
786.7322312198771  2.009687628174458
786.8648850833493  1.9754928105598806
786.9975389468217  1.9467351191428781
787.130192810294  1.9197898031250675
787.2628466737663  1.8892197363088732
787.3955005372386  1.8604620448918716
787.528154400711  1.835329104273252
787.6608082641832  1.8083837882554397
787.7934621276555  1.779626096838438
787.9261159911279  1.7526807808206275
788.0587698546001  1.727547840202007
788.1914237180724  1.7042272749825784
788.3240775815448  1.671844832767194
788.456731445017  1.6448995167493825
788.5893853084893  1.6252037023283368
788.7220391719616  1.607320263306482
788.8546930354339  1.5876244488854363
788.9873468989063  1.5697410098635824
789.1200007623785  1.5500451954425358
789.2526546258508  1.5375988826182558
789.3853084893232  1.525152569793975
789.5179623527954  1.512706256969694
789.6506162162677  1.505697070342988
789.7832700797401  1.489626006720325
789.9159239432123  1.484429195492809
790.0485778066846  1.4756076334669102
790.1812316701569  1.470410822239395
790.3138855336292  1.456152134015924
790.4465393971016  1.4527676981875999
790.5791932605738  1.443946136161701
790.7118471240461  1.4423740757325687
790.8445009875185  1.4426143907026274
790.9771548509907  1.4428547056726861
791.109808714463  1.4340331436467872
791.2424625779354  1.432461083217655
791.3751164414076  1.4327013981877137
791.50777030488  1.4220674607626247
791.6404241683522  1.4223077757326834
791.7730780318245  1.4225480907027412
791.9057318952969  1.4227884056728
792.0383857587691  1.4230287206428587
792.1710396222414  1.4232690356129174
792.3036934857138  1.4235093505829752
792.436347349186  1.423749665553034
792.5690012126583  1.4239899805230927
792.7016550761307  1.4242302954931514
792.8343089396029  1.4244706104632092
792.9669628030753  1.424710925433268
793.0996166665475  1.4249512404033267
793.2322705300198  1.4251915553733854
793.3649243934922  1.425431870343444
793.4975782569644  1.425672185313502
793.6302321204367  1.4259125002835606
793.7628859839091  1.4207156890560455
793.8955398473813  1.4173312532277214
794.0281937108537  1.4302581959921188
794.160847574326  1.4594965173492378
794.2935014377982  1.5104833434966531
794.4261553012706  1.572344422039217
794.5588091647428  1.646892128376118
794.6914630282151  1.7323140871081675
794.8241168916875  1.8340474244329403
794.9567707551597  1.9375931371569033
795.089424618632  2.048388351477631
795.2220784821044  2.164620691995932
795.3547323455766  2.2808530325142353
795.487386209049  2.404334874629302
795.6200400725213  2.5241919659459864
795.7526939359935  2.636799555665907
795.8853477994659  2.745782394587443
796.0180016629381  2.847515731912215
796.1506555264104  2.938374816841839
796.2833093898828  3.012922523178741
796.415963253355  3.067534100124538
796.5486171168274  3.107646673876806
796.6812709802997  3.131447869036351
796.8139248437719  3.157061439595088
796.9465787072443  3.186299760952208
797.0792325707166  3.217350457708518
797.2118864341888  3.237526902069681
797.3445402976612  3.234142466241357
797.4771941611334  3.1999476486267806
797.6098480246058  3.1639404556130133
797.7425018880781  3.1116218840065235
797.8751557515503  3.050241435404078
798.0078096150227  2.9852362360032494
798.140463478495  2.918418661203229
798.2731173419672  2.8443515848064447
798.4057712054396  2.7757216346072333
798.5384250689119  2.708904059807214
798.6710789323841  2.6420864850071943
798.8037327958565  2.580706036404748
798.9363866593287  2.522950338600684
799.0690405228011  2.479693643990152
799.2016943862734  2.434624573980429
799.3343482497456  2.4076792579626165
799.467002113218  2.382546317343997
799.5996559766903  2.359225752124569
799.7323098401625  2.3340928115059487
799.8649637036349  2.314396997084903
799.9976175671072  2.2965135580630482
800.1302714305795  2.2822548698395755
800.2629252940518  2.2625590554185315
800.395579157524  2.246487991795868
800.5282330209964  2.226792177374821
800.6608868844687  2.214345864550541
800.7935407479409  2.1982748009278783
800.9261946114133  2.1858284881035965
801.0588484748856  2.1751945506785075
801.1915023383579  2.157311111656653
801.3241562018302  2.148489549630755
801.4568100653025  2.12879373520971
801.5894639287748  2.116347422385429
801.7221177922471  2.107525860359531
801.8547716557193  2.0932671721360583
801.9874255191917  2.0844456101101603
802.120079382664  2.0719992972858803
802.2527332461362  2.0613653598607904
802.3853871096086  2.0507314224357014
802.5180409730809  2.0419098604098034
802.6506948365532  2.0222140459887585
802.7833487000255  2.0115801085636695
802.9160025634978  2.0063832973361526
803.0486564269701  1.9903122337134898
803.1813102904424  1.9814906716875917
803.3139641539146  1.9708567342625027
803.446618017387  1.9656599230349867
803.5792718808593  1.9495888594123238
803.7119257443316  1.9425796727856177
803.8445796078039  1.9319457353605287
803.9772334712762  1.915874671737865
804.1098873347485  1.9034283589135832
804.2425411982208  1.898231547686068
804.3751950616931  1.8821604840634052
804.5078489251654  1.875151297436699
804.6405027886377  1.8645173600116092
804.7510476748646  1.8592804962890845
