 Dy Density=8.54
 Energy(eV), Delta, Beta
  200.  0.01255708  0.0109021934
  200.925018  0.0124798706  0.0107702427
  201.854294  0.0124036158  0.0106398817
  202.787903  0.0123277102  0.0105110947
  203.725784  0.0122521585  0.0103838705
  204.668045  0.0121769859  0.0102581866
  205.614639  0.0121021951  0.0101340301
  206.565613  0.0120277507  0.0100113768
  207.521011  0.0119536547  0.00989020243
  208.480804  0.0118799191  0.00977049209
  209.445053  0.0118065272  0.00965223182
  210.413742  0.0117334845  0.00953540206
  211.386917  0.011661808  0.00941999536
  212.364578  0.011591251  0.00930598937
  213.346786  0.0115210023  0.00919335987
  214.333527  0.0114509864  0.00908160862
  215.324829  0.0113803903  0.00896592811
  216.320724  0.0113101248  0.00885172188
  217.321228  0.0112401927  0.00873896759
  218.326355  0.0111678885  0.00862679817
  219.336121  0.0110942312  0.00851552747
  220.350571  0.0110209845  0.00840568915
  221.36969  0.0109477434  0.00829727016
  222.393539  0.0108722253  0.00819024909
  223.422119  0.0107971719  0.00808460824
  224.455475  0.0107225794  0.00798032992
  225.493591  0.0106467772  0.00787739735
  226.536514  0.0105705792  0.00777578959
  227.584259  0.010494886  0.0076754936
  228.636856  0.0104192542  0.00757649215
  229.694321  0.0103421053  0.00747876987
  230.756668  0.0102654938  0.00738230953
  231.823914  0.0101894196  0.0072870953
  232.896133  0.0101120956  0.0071931011
  233.973282  0.0100345733  0.00710031902
  235.05542  0.00995762274  0.00700873556
  236.142563  0.00988062751  0.00691833301
  237.234741  0.00980207138  0.00682909926
  238.331955  0.00972412433  0.00674101803
  239.434265  0.00964678358  0.00665406929
  240.541672  0.00956763327  0.00656824419
  241.654175  0.00948830601  0.00648352923
  242.771866  0.00940962415  0.00639990484
  243.894699  0.00933044963  0.00631735986
  245.02272  0.00924882386  0.00623587938
  246.15596  0.00916791055  0.00615545176
  247.294449  0.00908770319  0.00607606117
  248.438187  0.00899666455  0.00600286527
  249.58725  0.00890347641  0.00593191106
  250.741608  0.00881124567  0.0058617997
  251.901291  0.0087224599  0.0057970928
  253.066345  0.00864001084  0.00574305467
  254.236786  0.00855834037  0.00568952085
  255.412674  0.0084774401  0.0056364839
  256.593964  0.00840338692  0.00558393681
  257.780731  0.00833116751  0.00553187588
  258.972992  0.00825956371  0.0054802997
  260.170746  0.00818929262  0.00542920548
  261.374054  0.00812088791  0.00537858764
  262.582916  0.00805305038  0.0053284415
  263.797363  0.00798577257  0.0052787629
  265.017456  0.00792021677  0.00522955414
  266.243195  0.00785534456  0.00518080406
  267.474579  0.00779099809  0.00513250986
  268.71167  0.00772751495  0.0050846613
  269.954468  0.00766504323  0.00503725605
  271.203003  0.0076030693  0.00499029132
  272.457367  0.00754158292  0.00494376244
  273.717499  0.0074810693  0.00489766942
  274.983459  0.00742106792  0.00485200481
  276.25528  0.00736153731  0.00480676675
  277.532959  0.00730257062  0.00476195477
  278.816589  0.00724417763  0.00471756328
  280.10611  0.00718624424  0.00467358762
  281.401642  0.00712876115  0.00463001942
  282.703125  0.00707150204  0.00458685821
  284.010651  0.00701468531  0.00454409886
  285.324219  0.00695831655  0.00450173952
  286.64386  0.0069016302  0.00446032919
  287.969604  0.0068446314  0.00441986322
  289.301453  0.00678809732  0.0043797642
  290.639526  0.00673205685  0.00434007263
  291.983734  0.0066783051  0.00430324906
  293.334167  0.00662497152  0.00426673749
  294.690857  0.00657205377  0.00423053512
  296.053833  0.00652029272  0.00419463869
  297.423096  0.00646955194  0.00415904773
  298.798706  0.006419193  0.00412375806
  300.180664  0.00636926666  0.00408876827
  301.569  0.00632048771  0.0040540765
  302.963776  0.00627206638  0.00401967904
  304.365021  0.00622400176  0.00398557261
  305.772736  0.00617666682  0.00395175442
  307.186951  0.00612993911  0.00391822448
  308.607697  0.006083549  0.00388497789
  310.035034  0.00603755331  0.0038520135
  311.468964  0.00599237531  0.00381932943
  312.909546  0.0059475163  0.00378692243
  314.35675  0.00590297813  0.00375479041
  315.810669  0.00585905742  0.00372293056
  317.271332  0.00581562007  0.0036913408
  318.738708  0.00577248679  0.00366002088
  320.212921  0.00572972232  0.003628965
  321.693909  0.00568762748  0.00359817385
  323.181763  0.00564582134  0.0035676423
  324.676483  0.00560430437  0.00353737129
  326.178131  0.00556335971  0.00350735639
  327.686737  0.00552282855  0.00347759551
  329.202332  0.00548257213  0.00344808586
  330.724884  0.0054426766  0.00341882883
  332.254517  0.00540338829  0.00338981929
  333.791199  0.00536436262  0.00336105563
  335.335022  0.00532559678  0.00333253643
  336.885956  0.00528740464  0.00330425939
  338.444092  0.00524958223  0.00327622169
  340.009399  0.00521200895  0.00324842241
  341.58197  0.00517479843  0.00322085898
  343.161804  0.00513817742  0.00319352862
  344.748962  0.00510179345  0.00316642993
  346.343445  0.00506564369  0.00313956128
  347.945312  0.00503014494  0.00311292079
  349.554565  0.0049949931  0.00308650662
  351.171265  0.00496006245  0.0030603169
  352.795471  0.00492570363  0.0030343486
  354.427185  0.0048923986  0.00300860056
  356.066406  0.00485929148  0.00298307114
  357.713257  0.00482637854  0.00295775803
  359.367676  0.00479415106  0.00293134549
  361.029785  0.00476221694  0.00290487427
  362.699585  0.00473046442  0.00287864148
  364.377106  0.00469865557  0.00285238703
  366.062347  0.00466656825  0.00282587111
  367.755402  0.00463467371  0.0027996006
  369.456299  0.00460297102  0.00277357409
  371.16507  0.00457119895  0.00274779368
  372.881714  0.00453958148  0.00272225379
  374.606323  0.00450815912  0.00269695185
  376.338898  0.00447690533  0.00267188414
  378.079498  0.00444580568  0.00264704973
  379.828156  0.00441489927  0.00262244581
  381.584869  0.00438418565  0.00259807054
  383.349701  0.00435369927  0.00257392228
  385.122742  0.00432340708  0.00254999753
  386.903961  0.00429330347  0.00252629584
  388.69339  0.00426343456  0.00250281254
  390.491119  0.00423381152  0.00247954554
  392.29718  0.00420437241  0.00245649391
  394.111572  0.00417511724  0.00243365718
  395.934357  0.00414621364  0.00241103652
  397.765594  0.00411749585  0.00238862564
  399.605286  0.00408895733  0.00236642407
  401.453491  0.00406071777  0.0023444281
  403.310211  0.00403278461  0.00232263678
  405.175537  0.00400502374  0.00230104802
  407.0495  0.00397743145  0.0022796602
  408.932159  0.00395038305  0.00225847051
  410.823486  0.00392349763  0.00223747827
  412.723602  0.00389677216  0.00221668067
  414.632477  0.00387071259  0.00219607633
  416.550171  0.00384526188  0.00217566337
  418.476715  0.00381995272  0.00215544109
  420.412201  0.00379484147  0.00213533826
  422.356598  0.00377111556  0.00211398327
  424.310059  0.00374750467  0.00209284108
  426.272522  0.00372400926  0.00207191054
  428.24408  0.0036998482  0.00205006357
  430.224701  0.00367522845  0.00202759914
  432.214539  0.00365074794  0.00200538035
  434.213531  0.00362632074  0.00198340532
  436.221802  0.00360117014  0.00196166895
  438.239349  0.00357617508  0.00194017135
  440.266235  0.00355133577  0.00191890902
  442.302521  0.00352634559  0.00189787976
  444.348206  0.00350132422  0.0018770824
  446.40332  0.00347646535  0.00185651297
  448.467957  0.00345171988  0.00183616858
  450.542175  0.00342683634  0.00181604526
  452.625946  0.0034021195  0.0017961429
  454.71936  0.00337756774  0.00177645846
  456.822449  0.00335300504  0.00175699114
  458.935303  0.00332851801  0.00173773721
  461.057892  0.00330419885  0.00171869493
  463.190308  0.00328000705  0.00169986137
  465.332611  0.00325580849  0.00168123422
  467.484802  0.00323177734  0.0016628115
  469.646942  0.00320791313  0.00164459099
  471.819122  0.00318408851  0.00162656908
  474.001251  0.00316038029  0.00160874554
  476.193573  0.00313683762  0.00159111607
  478.395996  0.0031134279  0.00157368009
  480.608612  0.00309007312  0.00155643385
  482.831421  0.00306688505  0.00153937703
  485.064545  0.00304386206  0.00152250694
  487.308014  0.00302090496  0.00150582078
  489.561829  0.00299808104  0.00148931774
  491.826111  0.00297542149  0.0014729955
  494.100861  0.00295289606  0.0014568523
  496.386108  0.00293045584  0.00144088687
  498.681915  0.00290817907  0.00142509688
  500.988342  0.00288606435  0.00140947988
  503.30542  0.00286403741  0.00139403378
  505.63327  0.00284215179  0.00137875648
  507.971863  0.00282042706  0.00136364694
  510.321228  0.00279883808  0.00134870352
  512.681519  0.00277735456  0.00133392471
  515.052673  0.00275603053  0.00131930842
  517.434814  0.00273486343  0.00130485196
  519.828003  0.00271380157  0.0012905536
  522.232239  0.00269288663  0.00127641147
  524.647644  0.00267212722  0.00126242428
  527.074158  0.00265151192  0.0012485896
  529.511902  0.00263103237  0.00123490533
  531.960938  0.00261070533  0.00122137077
  534.421265  0.00259053032  0.00120798463
  536.893005  0.00257045543  0.00119468803
  539.37616  0.00255052443  0.00118153135
  541.870789  0.00253074267  0.00116851926
  544.377014  0.00251108781  0.00115564908
  546.894775  0.00249155145  0.00114291918
  549.424194  0.00247216155  0.00113032933
  551.965332  0.0024529181  0.00111787813
  554.518188  0.00243379408  0.00110556558
  557.082886  0.00241481303  0.0010933883
  559.659424  0.00239597517  0.00108134549
  562.247864  0.00237728236  0.0010694348
  564.848267  0.00235873531  0.00105765474
  567.460754  0.00234032748  0.00104600377
  570.085266  0.00232205936  0.00103448203
  572.721985  0.00230398425  0.00102308614
  575.37085  0.00228604698  0.0010118162
  578.031982  0.00226824498  0.00100067037
  580.705383  0.0022506637  0.000989647815
  583.391235  0.00223329943  0.000978747266
  586.089417  0.00221606437  0.000967966742
  588.800171  0.00219896878  0.000957291457
  591.523376  0.00218243804  0.00094622426
  594.259216  0.00216602511  0.000935284537
  597.00769  0.00214972952  0.000924471649
  599.76886  0.00213329261  0.000913414813
  602.542847  0.00211676513  0.000902190222
  605.329651  0.00210036105  0.000891103351
  608.129333  0.00208404241  0.000880152569
  610.941956  0.00206735893  0.000869333628
  613.767639  0.00205080584  0.000858647749
  616.606323  0.00203438289  0.000848093245
  619.458191  0.00201795506  0.000837669475
  622.323242  0.00200156751  0.000827375043
  625.201538  0.00198531081  0.000817207445
  628.093079  0.00196916214  0.000807164644
  630.998047  0.0019529782  0.000797244487
  633.916504  0.00193692511  0.000787445984
  636.848328  0.0019210031  0.00077776832
  639.793823  0.0019051081  0.000768209225
  642.75293  0.0018892868  0.000758767535
  645.725708  0.00187359564  0.000749442086
  648.712219  0.001858011  0.000740230957
  651.712585  0.00184243906  0.000731133274
  654.726746  0.00182699703  0.000722147583
  657.754883  0.00181168271  0.000713272078
  660.797058  0.00179640914  0.000704504957
  663.853333  0.00178122357  0.000695844996
  666.923645  0.00176616595  0.000687291729
  670.00824  0.00175120996  0.000678843702
  673.107056  0.00173628901  0.000670501089
  676.220215  0.00172149425  0.000662260922
  679.347778  0.0017068251  0.000654121919
  682.489746  0.0016922002  0.00064608315
  685.646362  0.00167767063  0.000638142345
  688.817505  0.00166326552  0.000630299619
  692.003357  0.00164895784  0.000622552994
  695.203857  0.00163469976  0.000614901364
  698.41925  0.00162056379  0.000607343623
  701.649475  0.00160654995  0.00059987884
  704.894653  0.00159258221  0.000592505734
  708.154846  0.00157871412  0.000585223315
  711.430115  0.0015649664  0.000578030304
  714.720459  0.00155131123  0.000570926117
  718.026123  0.00153771148  0.000563909998
  721.347046  0.00152423058  0.00055698026
  724.68335  0.00151086762  0.000550135621
  728.035034  0.00149755157  0.000543374452
  731.402283  0.00148433761  0.000536696229
  734.785034  0.00147124031  0.000530100078
  738.183472  0.00145823089  0.00052358472
  741.597595  0.00144528586  0.000517148874
  745.027527  0.00143245549  0.000510792306
  748.473328  0.0014197391  0.00050451362
  751.935059  0.00140707544  0.000498312875
  755.412842  0.00139451574  0.000492188439
  758.906677  0.0013820678  0.000486139412
  762.416626  0.00136971113  0.000480164512
  765.942871  0.00135743327  0.000474262837
  769.485352  0.00134526566  0.000468433747
  773.044312  0.00133320666  0.000462676224
  776.61969  0.00132130354  0.000456990354
  780.211609  0.0013095109  0.000451374479
  783.820129  0.00129782339  0.000445827522
  787.445374  0.00128614996  0.000440199539
  791.087341  0.00127446628  0.000434452872
  794.746155  0.00126288878  0.000428781204
  798.421936  0.00125141628  0.000423183606
  802.114685  0.00123986369  0.000417746924
  805.824463  0.00122841028  0.000412383932
  809.551453  0.00121706247  0.000407089741
  813.295654  0.00120575912  0.000401863392
  817.057251  0.00119449629  0.000396704156
  820.836182  0.00118333893  0.00039161116
  824.632568  0.00117228506  0.00038658359
  828.446594  0.00116122235  0.000381619437
  832.278137  0.0011502644  0.00037671937
  836.127563  0.00113940937  0.000371882052
  839.994629  0.00112859742  0.000367097702
  843.8797  0.00111783482  0.000362366583
  847.782715  0.00110717479  0.000357696379
  851.703735  0.00109661033  0.00035308543
  855.642883  0.0010860333  0.000348514295
  859.600342  0.00107555813  0.000344002212
  863.57605  0.00106518366  0.000339548453
  867.570129  0.00105482817  0.000335142278
  871.582703  0.00104451366  0.000330785668
  875.61377  0.00103429984  0.000326485751
  879.663574  0.00102417194  0.000322241714
  883.732056  0.00101402041  0.000318053266
  887.819397  0.00100396888  0.00031391927
  891.925598  0.000994016416  0.000309838972
  896.050842  0.0009840813  0.000305811613
  900.195129  0.000974195544  0.000301836524
  904.358582  0.000964408391  0.00029791292
  908.541321  0.000954701332  0.000294040248
  912.743408  0.00094498723  0.000290216529
  916.964844  0.000935371267  0.000286442635
  921.205933  0.000925851986  0.000282717781
  925.466553  0.000916329795  0.000279013853
  929.746826  0.000906855275  0.000275344879
  934.046936  0.000897477497  0.0002717241
  938.367004  0.000888164039  0.000268148753
  942.70697  0.000878813269  0.000264611153
  947.067078  0.000869559182  0.000261120207
  951.447266  0.00086040108  0.000257675361
  955.847839  0.000851209508  0.000254268729
  960.268677  0.000842062931  0.000250904501
  964.709961  0.000833012746  0.000247584831
  969.171814  0.00082401454  0.000244308816
  973.654297  0.000814972154  0.000241075584
  978.157532  0.000806026335  0.000237885135
  982.68158  0.000797176035  0.000234736901
  987.226501  0.000788277132  0.000231626793
  991.79248  0.00077942881  0.000228556863
  996.379578  0.000770676532  0.000225527561
  1000.98792  0.00076196366  0.000222536793
  1005.61755  0.000753204979  0.000219582158
  1010.26862  0.000744542922  0.000216666682
  1014.9411  0.000735976617  0.000213789986
  1019.63531  0.000727311824  0.00021091479
  1024.3512  0.000718697615  0.00020806957
  1029.08887  0.000710180262  0.000205262666
  1033.84851  0.000701669254  0.000202489435
  1038.63013  0.000693072157  0.000199745293
  1043.43384  0.000684573955  0.000197038389
  1048.25977  0.000676173076  0.000194368011
  1053.10803  0.000667601475  0.000191722924
  1057.97876  0.000659083074  0.000189111786
  1062.87195  0.000650665083  0.000186536272
  1067.78784  0.000642215833  0.000183996075
  1072.72632  0.000633649062  0.000181490876
  1077.68787  0.000625185319  0.000179019786
  1082.67224  0.000616823672  0.000176582369
  1087.67957  0.000608210161  0.000174178378
  1092.71021  0.000599661551  0.000171807114
  1097.76404  0.000591218413  0.000169468054
  1102.84131  0.000582685985  0.000167160921
  1107.94202  0.000573991972  0.000164885219
  1113.06628  0.000565408554  0.00016264047
  1118.21436  0.000556934334  0.000160426236
  1123.38611  0.000548047828  0.000158241673
  1128.58179  0.000539245142  0.000156086753
  1133.80151  0.00053055794  0.000153961184
  1139.04553  0.00052166736  0.000151864748
  1144.3136  0.00051253225  0.000149797139
  1149.60608  0.000503520889  0.000147757644
  1154.9231  0.000494631706  0.000145745944
  1160.26477  0.000485002034  0.000143761485
  1165.63098  0.000475495617  0.000141804136
  1171.02209  0.000466122874  0.000139873417
  1176.43823  0.000456287438  0.000137968891
  1181.87927  0.000446024409  0.000136090181
  1187.34558  0.00043591141  0.000134237052
  1192.83716  0.000425893086  0.000132409157
  1198.354  0.000414427777  0.000130606539
  1203.89648  0.000403137004  0.000128828426
  1209.4646  0.000392018002  0.000127074483
  1215.05847  0.000379645149  0.000125344581
  1220.67822  0.000366335182  0.00012363834
  1226.32385  0.00035323776  0.000121955338
  1231.99573  0.000339988648  0.000120295445
  1237.69385  0.000322745735  0.000118660872
  1243.41821  0.000305790978  0.000117048519
  1249.16907  0.000289120508  0.00011545809
  1254.94666  0.000266137329  0.000113889502
  1260.75073  0.000239219167  0.000112342415
  1266.58179  0.000212773055  0.000110816341
  1272.43982  0.000169991705  0.000109310909
  1278.32495  8.93397464E-06  0.000107825763
  1284.2373 -0.000149179032  0.000106360792
  1290.177 -0.000304387824  0.000104915758
  1296.14404 -0.000386346335  0.000515241991
  1302.13892 -0.00017540119  0.000507105724
  1308.16138  3.17008526E-05  0.00049909798
  1314.21167  0.000205449585  0.000491216779
  1320.29004  0.000231503334  0.000483459764
  1326.39636  0.000257061096  0.000475825305
  1332.53113  0.000282132562  0.000468311016
  1338.69409  0.000299153326  0.000460915326
  1344.88562  0.00031249231  0.000453636108
  1351.10583  0.000325560919  0.000446471677
  1357.35474  0.000337399804  0.000439420459
  1363.63257  0.000345505454  0.000432479428
  1369.93958  0.000353433657  0.000425647973
  1376.27551  0.000361187151  0.000418924581
  1382.64099  0.000366959808  0.000412307854
  1389.03564  0.000371960079  0.000405796047
  1395.46008  0.000376838289  0.000399386627
  1401.91418  0.000381187419  0.000393078983
  1408.39819  0.000384279556  0.000386871572
  1414.91199  0.000387282838  0.000380762329
  1421.45618  0.000390198373  0.000374749303
  1428.0304  0.000392178335  0.000368830224
  1434.63513  0.000393855677  0.000363004336
  1441.27051  0.000395469076  0.000357270328
  1447.9364  0.000396769377  0.000351627707
  1454.63318  0.000397451193  0.000346075685
  1461.36096  0.000398087344  0.000340611179
  1468.11987  0.00039867789  0.000335233111
  1474.90991  0.000398693956  0.000329941191
  1481.73157  0.000398567499  0.000324732828
  1488.58459  0.000398409844  0.000319606799
  1495.46948  0.000398034375  0.000314564328
  1502.38611  0.000397291849  0.00030960617
  1509.33472  0.0003965293  0.000304726243
  1516.31543  0.000395747309  0.000299923151
  1523.32849  0.000394542527  0.000295196951
  1530.37402  0.000393269293  0.000290545344
  1537.45215  0.000391986454  0.000285966846
  1544.56287  0.000390518893  0.000281460787
  1551.70654  0.000388782879  0.000277025742
  1558.88342  0.0003870457  0.000272660545
  1566.09326  0.000385307765  0.00026836418
  1573.33655  0.000383144245  0.000264134986
  1580.61328  0.000380951416  0.000259972439
  1587.92383  0.000378766534  0.000255875377
  1595.26807  0.000376332871  0.000251843012
  1602.64624  0.000373592105  0.000247874181
  1610.05859  0.000370869937  0.00024396769
  1617.50525  0.000368166191  0.000240122943
  1624.98633  0.00036452958  0.000236338397
  1632.50195  0.000360895472  0.000232613471
  1640.05237  0.000357297366  0.00022894729
  1647.6377  0.000351548893  0.000225338983
  1655.25818  0.000343617139  0.000221787603
  1662.9137  0.000335801538  0.000218292247
  1670.60486  0.000327354704  0.000214851956
  1678.33154  0.000291200908  0.000246816286
  1686.09387  0.000311013049  0.000243081769
  1693.89233  0.000330438867  0.000239403584
  1701.72656  0.000339660503  0.000235781365
  1709.59717  0.000340231956  0.000232213963
  1717.50415  0.000340764207  0.000228700475
  1725.44763  0.000341183564  0.000225240205
  1733.42798  0.000340356346  0.000221831273
  1741.44519  0.000339515565  0.000218473957
  1749.49951  0.000338661484  0.000215167485
  1757.59106  0.000337435806  0.000211911058
  1765.71997  0.000335947087  0.000208704034
  1773.88647  0.000334457232  0.00020554557
  1782.09094  0.000332906842  0.000202434792
  1790.33313  0.000330844952  0.000199372225
  1798.61353  0.000328792841  0.000196355948
  1806.93225  0.000326750509  0.00019338532
  1815.28955  0.000323218264  0.00019045941
  1823.6853  0.000318837323  0.000187577753
  1832.12  0.000314509613  0.000184739634
  1840.59375  0.000304508809  0.000181944837
  1849.10645  0.000303369219  0.000190873398
  1857.65881  0.000308376853  0.000187902595
  1866.25037  0.00031326621  0.000184978271
  1874.88196  0.000314161822  0.000182099378
  1883.55347  0.000313146331  0.000179265364
  1892.26489  0.000312123011  0.000176475485
  1901.01685  0.000310999254  0.000173728986
  1909.80908  0.000309492316  0.000171025298
  1918.64221  0.000307986746  0.000168363651
  1927.51599  0.000306482805  0.000165743433
  1936.43091  0.000304792455  0.000163164092
  1945.38708  0.000303034438  0.000160624768
  1954.38464  0.000301282882  0.000158125113
  1963.42371  0.000299482461  0.000155664224
  1972.50464  0.000297516643  0.000153241301
  1981.62769  0.000295561593  0.000150856082
  1990.79285  0.000293617399  0.000148507985
  2000.00037  0.000291366741  0.000146204809