Al Density=2.699
 Energy(eV), Delta, Beta
  200.  0.0103099206  0.00846166536
  200.925018  0.0102578094  0.00833606254
  201.854294  0.0102026844  0.00821117777
  202.787903  0.0101476805  0.00808815192
  203.725784  0.0100928312  0.00796697289
  204.668045  0.0100363437  0.00784761086
  205.614639  0.00997838005  0.0077300421
  206.565613  0.00992063526  0.00761423493
  207.521011  0.00986300502  0.00750015583
  208.480804  0.00980293844  0.00738777127
  209.445053  0.00974314101  0.00727706868
  210.413742  0.00968361646  0.00716802711
  211.386917  0.00962287001  0.00706063118
  212.364578  0.00956126675  0.00695485342
  213.346786  0.00949998014  0.00685066031
  214.333527  0.00943879597  0.00674802763
  215.324829  0.0093755573  0.00664692093
  216.320724  0.00931268372  0.00654733041
  217.321228  0.00925017614  0.00644922862
  218.326355  0.00918609928  0.00635259738
  219.336121  0.00912117958  0.00625741482
  220.350571  0.00905667711  0.00616365718
  221.36969  0.00899199769  0.0060716467
  222.393539  0.00892380811  0.0059832572
  223.422119  0.00885611214  0.00589615479
  224.455475  0.00878890604  0.00581031851
  225.493591  0.00872229878  0.00572982384
  226.536514  0.00865622982  0.00565259624
  227.584259  0.00859064143  0.00557640707
  228.636856  0.00852614176  0.00550124701
  229.694321  0.00846497621  0.00542709976
  230.756668  0.0084042158  0.00535395276
  231.823914  0.00834385864  0.00528179156
  232.896133  0.0082840668  0.00521060126
  233.973282  0.00822474342  0.00514037162
  235.05542  0.00816581119  0.00507108867
  236.142563  0.00810732413  0.00500273937
  237.234741  0.00804942381  0.00493531022
  238.331955  0.00799190439  0.00486878958
  239.434265  0.0079347631  0.00480316393
  240.541672  0.00787809771  0.00473842723
  241.654175  0.00782184117  0.00467456598
  242.771866  0.0077659497  0.00461156294
  243.894699  0.00771047128  0.00454941019
  245.02272  0.00765547622  0.00448809331
  246.15596  0.00760084018  0.00442760251
  247.294449  0.0075465627  0.00436792755
  248.438187  0.00749281142  0.0043090526
  249.58725  0.00743945548  0.00425096694
  250.741608  0.00738644693  0.00419366779
  251.901291  0.00733388914  0.0041371421
  253.066345  0.00728190085  0.00408138288
  254.236786  0.00723025016  0.00402637571
  255.412674  0.00717893103  0.00397210848
  256.593964  0.00712841935  0.0039185714
  257.780731  0.00707832165  0.00386575446
  258.972992  0.00702854106  0.00381364906
  260.170746  0.00697977562  0.00376224774
  261.374054  0.00693254592  0.00371154118
  262.582916  0.00688559702  0.00366151636
  263.797363  0.00683892192  0.0036121686
  265.017456  0.00679445919  0.00356189674
  266.243195  0.00675049145  0.00351211498
  267.474579  0.00670675933  0.0034630294
  268.71167  0.0066627739  0.00341163878
  269.954468  0.00661831675  0.00335667026
  271.203003  0.00657411618  0.00330258813
  272.457367  0.00653016521  0.00324937608
  273.717499  0.00648265844  0.00319701806
  274.983459  0.00643517449  0.00314550567
  276.25528  0.00638801605  0.0030948231
  277.532959  0.00634037098  0.00304495939
  278.816589  0.00629208004  0.00299590034
  280.10611  0.00624414301  0.00294763269
  281.401642  0.00619655335  0.00290014176
  282.703125  0.00614810828  0.00285341614
  284.010651  0.00609999476  0.0028074428
  285.324219  0.00605224771  0.00276221032
  286.64386  0.00600437913  0.00271770591
  287.969604  0.00595639367  0.00267391605
  289.301453  0.00590878306  0.0026308361
  290.639526  0.00586152822  0.00258844555
  291.983734  0.0058138757  0.00254673976
  293.334167  0.00576660363  0.00250570569
  294.690857  0.00571970874  0.00246533286
  296.053833  0.00567283435  0.00242561172
  297.423096  0.00562604051  0.00238653179
  298.798706  0.00557962805  0.00234808144
  300.180664  0.00553355599  0.00231025042
  301.569  0.00548732094  0.00227302616
  302.963776  0.00544146728  0.0022364012
  304.365021  0.00539599312  0.00220036507
  305.772736  0.00535059394  0.00216491288
  307.186951  0.00530536473  0.00213003322
  308.607697  0.00526051549  0.00209571607
  310.035034  0.00521599362  0.00206195121
  311.468964  0.00517146336  0.00202872907
  312.909546  0.00512731075  0.00199604221
  314.35675  0.00508353347  0.00196388224
  315.810669  0.00503987772  0.00193224009
  317.271332  0.00499645062  0.00190110586
  318.738708  0.00495339744  0.00187047548
  320.212921  0.00491065392  0.00184033776
  321.693909  0.00486796722  0.00181068562
  323.181763  0.00482564978  0.00178151089
  324.676483  0.00478369975  0.00175280648
  326.178131  0.00474188384  0.00172456622
  327.686737  0.00470032496  0.00169678195
  329.202332  0.00465912884  0.00166944508
  330.724884  0.00461823307  0.00164254848
  332.254517  0.00457745325  0.00161608134
  333.791199  0.00453703245  0.00159004226
  335.335022  0.00449696789  0.00156442227
  336.885956  0.0044570365  0.00153921521
  338.444092  0.00441737473  0.00151441386
  340.009399  0.0043780664  0.00149001239
  341.58197  0.00433902862  0.00146600476
  343.161804  0.00430010166  0.00144238607
  344.748962  0.00426152349  0.00141914794
  346.343445  0.0042232913  0.00139628421
  347.945312  0.00418513687  0.00137378683
  349.554565  0.00414724788  0.0013516529
  351.171265  0.00410970207  0.00132987567
  352.795471  0.00407232437  0.00130844885
  354.427185  0.00403487636  0.00128736626
  356.066406  0.0039977734  0.00126662385
  357.713257  0.00396101084  0.00124621508
  359.367676  0.00392426271  0.0012270154
  361.029785  0.00388778211  0.00120830652
  362.699585  0.00385164027  0.00118988263
  364.377106  0.00381600833  0.0011718492
  366.062347  0.00378104299  0.00115430111
  367.755402  0.00374639756  0.00113701576
  369.456299  0.00371206924  0.00111998932
  371.16507  0.00367827946  0.00110321806
  372.881714  0.00364483334  0.00108669803
  374.606323  0.0036116913  0.00107042538
  376.338898  0.0035788794  0.00105439662
  378.079498  0.00354641187  0.00103860826
  379.828156  0.00351423863  0.00102305633
  381.584869  0.0034823576  0.00100773724
  383.349701  0.00345081044  0.000992646208
  385.122742  0.0034195527  0.000977780204
  386.903961  0.00338857854  0.000963137543
  388.69339  0.00335789542  0.000948715198
  390.491119  0.00332750264  0.000934509852
  392.29718  0.00329738506  0.000920517254
  394.111572  0.00326754013  0.000906734087
  395.934357  0.00323797972  0.00089315651
  397.765594  0.0032086873  0.000879781961
  399.605286  0.00317966007  0.000866607879
  401.453491  0.00315090572  0.000853630423
  403.310211  0.00312242331  0.000840848661
  405.175537  0.00309419818  0.000828257122
  407.0495  0.00306622777  0.000815854641
  408.932159  0.0030385314  0.000803636969
  410.823486  0.00301108579  0.000791602477
  412.723602  0.00298388721  0.000779748021
  414.632477  0.00295695243  0.000768071506
  416.550171  0.00293027773  0.000756570313
  418.476715  0.00290384376  0.000745241472
  420.412201  0.00287765032  0.000734082016
  422.356598  0.00285174465  0.000723090197
  424.310059  0.00282607111  0.000712262292
  426.272522  0.00280062947  0.00070159696
  428.24408  0.00277550472  0.000691091001
  430.224701  0.00275067287  0.00068074197
  432.214539  0.00272606243  0.000670547888
  434.213531  0.0027016832  0.000660466671
  436.221802  0.00267762411  0.000650143542
  438.239349  0.00265377923  0.000639981881
  440.266235  0.00263014622  0.000629979011
  442.302521  0.00260655442  0.000620020262
  444.348206  0.00258306949  0.000610150222
  446.40332  0.00255979621  0.000600437284
  448.467957  0.0025367057  0.000590880401
  450.542175  0.00251365546  0.000581483997
  452.625946  0.00249081478  0.000572237186
  454.71936  0.00246818201  0.000563137408
  456.822449  0.00244569825  0.000554181344
  458.935303  0.00242338958  0.000545367075
  461.057892  0.00240128487  0.000536693027
  463.190308  0.00237937062  0.000528156583
  465.332611  0.00235760654  0.000519753608
  467.484802  0.00233604177  0.000511484744
  469.646942  0.0023146742  0.000503347372
  471.819122  0.00229346007  0.000495340675
  474.001251  0.00227242406  0.000487462064
  476.193573  0.00225158012  0.000479708571
  478.395996  0.00223092292  0.000472078013
  480.608612  0.00221043895  0.000464567362
  482.831421  0.0021901438  0.00045717624
  485.064545  0.00217003468  0.000449902727
  487.308014  0.00215009088  0.000442737597
  489.561829  0.00213032449  0.000435684313
  491.826111  0.0021107397  0.000428742991
  494.100861  0.0020913349  0.000421900564
  496.386108  0.00207210844  0.000415135757
  498.681915  0.00205305894  0.000408479478
  500.988342  0.00203418476  0.000401929952
  503.30542  0.002015454  0.000395429146
  505.63327  0.00199688761  0.000389019144
  507.971863  0.0019784926  0.00038271313
  510.321228  0.00196023681  0.00037650048
  512.681519  0.00194208359  0.00037036938
  515.052673  0.00192409917  0.000364338513
  517.434814  0.0019062811  0.000358405843
  519.828003  0.00188858318  0.000352577859
  522.232239  0.00187104126  0.000346846122
  524.647644  0.00185366208  0.000341207575
  527.074158  0.00183643354  0.000335666671
  529.511902  0.00181934622  0.000330225826
  531.960938  0.0018024178  0.000324873225
  534.421265  0.00178564701  0.000319607323
  536.893005  0.00176902453  0.000314433011
  539.37616  0.00175255642  0.000309343508
  541.870789  0.00173624116  0.000304336369
  544.377014  0.00172008597  0.00029941072
  546.894775  0.00170409307  0.000294565572
  549.424194  0.00168824871  0.000289798772
  551.965332  0.00167255173  0.000285109156
  554.518188  0.00165700424  0.000280433218
  557.082886  0.00164160156  0.000275829545
  559.659424  0.00162634207  0.000271301513
  562.247864  0.00161120028  0.000266831543
  564.848267  0.00159617106  0.00026241623
  567.460754  0.00158128154  0.000258073764
  570.085266  0.00156653137  0.000253803359
  572.721985  0.00155188621  0.000249567296
  575.37085  0.0015373776  0.000245401287
  578.031982  0.00152300461  0.000241304748
  580.705383  0.00150873919  0.00023727295
  583.391235  0.00149458088  0.000233304905
  586.089417  0.00148055586  0.00022940326
  588.800171  0.00146666123  0.000225566488
  591.523376  0.00145287067  0.000221789276
  594.259216  0.00143920933  0.000218075278
  597.00769  0.00142567663  0.000214423519
  599.76886  0.00141225685  0.00021083311
  602.542847  0.00139895105  0.000207302975
  605.329651  0.00138577051  0.000203831951
  608.129333  0.00137271325  0.000200419046
  610.941956  0.00135976716  0.000197063142
  613.767639  0.00134694285  0.000193763393
  616.606323  0.00133423961  0.000190518957
  619.458191  0.00132165768  0.000187326339
  622.323242  0.00130919565  0.000184185803
  625.201538  0.00129685109  0.00018109793
  628.093079  0.00128462282  0.000178057016
  630.998047  0.0012725069  0.00017503096
  633.916504  0.00126050494  0.000172056301
  636.848328  0.00124861649  0.000169132283
  639.793823  0.00123682118  0.000166220387
  642.75293  0.00122512679  0.000163337856
  645.725708  0.00121354288  0.000160505326
  648.712219  0.001202057  0.000157715782
  651.712585  0.00119062071  0.000154944311
  654.726746  0.00117929338  0.00015222159
  657.754883  0.00116807362  0.000149546686
  660.797058  0.00115687971  0.000146919556
  663.853333  0.0011457561  0.00014433889
  666.923645  0.00113473949  0.000141803612
  670.00824  0.00112381682  0.000139336436
  673.107056  0.00111295527  0.000137000534
  676.220215  0.00110219838  0.000134703761
  679.347778  0.00109154533  0.000132445421
  682.489746  0.00108104199  0.000130285523
  685.646362  0.00107065612  0.000128182481
  688.817505  0.00106037024  0.000126113504
  692.003357  0.00105019857  0.000124083119
  695.203857  0.00104017078  0.00012210058
  698.41925  0.00103023811  0.000120149685
  701.649475  0.00102040044  0.000118229967
  704.894653  0.00101069384  0.000116292627
  708.154846  0.00100109016  0.000114373375
  711.430115  0.000991577515  0.000112485788
  714.720459  0.000982147059  0.000110616995
  718.026123  0.000972786394  0.000108750617
  721.347046  0.000963514904  0.000106915824
  724.68335  0.000954331539  0.000105111983
  728.035034  0.000945209817  0.000103338913
  731.402283  0.000936169527  0.000101595833
  734.785034  0.000927215791  9.98821488E-05
  738.183472  0.000918344245  9.81972262E-05
  741.597595  0.00090955192  9.65404834E-05
  745.027527  0.000900843472  9.49116729E-05
  748.473328  0.000892218435  9.33102929E-05
  751.935059  0.000883666566  9.1735812E-05
  755.412842  0.000875195139  9.01878884E-05
  758.906677  0.000866804796  8.86660637E-05
  762.416626  0.000858492509  8.71689626E-05
  765.942871  0.000850255834  8.5695603E-05
  769.485352  0.000842098321  8.42471709E-05
  773.044312  0.000834018691  8.28232151E-05
  776.61969  0.000826011004  8.14170271E-05
  780.211609  0.000818079687  8.00341513E-05
  783.820129  0.000810224272  7.86746969E-05
  787.445374  0.000802438299  7.73361171E-05
  791.087341  0.000794719497  7.60174371E-05
  794.746155  0.000787074794  7.47212325E-05
  798.421936  0.000779503433  7.3447125E-05
  802.114685  0.000771992258  7.21946417E-05
  805.824463  0.000764552969  7.09635133E-05
  809.551453  0.000757185102  6.97533687E-05
  813.295654  0.000749883708  6.85636624E-05
  817.057251  0.000742647855  6.73940376E-05
  820.836182  0.000735481794  6.62443636E-05
  824.632568  0.000728384708  6.51143127E-05
  828.446594  0.000721347053  6.40034705E-05
  832.278137  0.000714377558  6.29116694E-05
  836.127563  0.000707474886  6.18384584E-05
  839.994629  0.000700634555  6.07834991E-05
  843.8797  0.000693856098  5.97464423E-05
  847.782715  0.000687143067  5.87270915E-05
  851.703735  0.000680494355  5.77250867E-05
  855.642883  0.000673900591  5.6739198E-05
  859.600342  0.00066737039  5.57701424E-05
  863.57605  0.000660903344  5.48175958E-05
  867.570129  0.000654494273  5.38807762E-05
  871.582703  0.000648143818  5.295952E-05
  875.61377  0.000641854946  5.20540343E-05
  879.663574  0.000635625795  5.11640246E-05
  883.732056  0.000629448798  5.02893381E-05
  887.819397  0.00062333158  4.94296037E-05
  891.925598  0.000617273676  4.85845667E-05
  896.050842  0.000611267984  4.77540307E-05
  900.195129  0.0006053166  4.69377228E-05
  904.358582  0.000599422958  4.61353302E-05
  908.541321  0.000593585544  4.53467001E-05
  912.743408  0.000587798539  4.4571625E-05
  916.964844  0.000582067936  4.38098032E-05
  921.205933  0.000576392864  4.30609907E-05
  925.466553  0.000570766511  4.23237834E-05
  929.746826  0.000565191789  4.1598596E-05
  934.046936  0.0005596712  4.08858359E-05
  938.367004  0.000554202008  4.01852958E-05
  942.70697  0.000548776356  3.94968374E-05
  947.067078  0.000543403439  3.88201624E-05
  951.447266  0.000538083084  3.8155089E-05
  955.847839  0.000532807026  3.75014351E-05
  960.268677  0.000527579628  3.68590408E-05
  964.709961  0.000522403279  3.62276551E-05
  969.171814  0.000517274777  3.56069795E-05
  973.654297  0.000512187835  3.49966249E-05
  978.157532  0.00050715066  3.43967295E-05
  982.68158  0.000502162788  3.3807115E-05
  987.226501  0.000497215427  3.3228549E-05
  991.79248  0.000492313993  3.26601767E-05
  996.379578  0.00048746058  3.21015177E-05
  1000.98792  0.000482650357  3.15527468E-05
  1005.61755  0.00047787631  3.1014275E-05
  1010.26862  0.000473149266  3.04849909E-05
  1014.9411  0.000468468817  2.99647472E-05
  1019.63531  0.000463826989  2.94618458E-05
  1024.3512  0.000459229195  2.89694181E-05
  1029.08887  0.000454676774  2.84852249E-05
  1033.84851  0.000450168765  2.80069817E-05
  1038.63013  0.000445704616  2.75324364E-05
  1043.43384  0.00044128453  2.70659366E-05
  1048.25977  0.000436907925  2.6607313E-05
  1053.10803  0.000432559958  2.61506739E-05
  1057.97876  0.00042825233  2.57008542E-05
  1062.87195  0.000423987425  2.52587743E-05
  1067.78784  0.000419757678  2.48242286E-05
  1072.72632  0.000415558141  2.43970571E-05
  1077.68787  0.000411400193  2.39772289E-05
  1082.67224  0.00040728366  2.35646276E-05
  1087.67957  0.000403193641  2.31591566E-05
  1092.71021  0.000399142678  2.27606597E-05
  1097.76404  0.000395132083  2.23690022E-05
  1102.84131  0.000391153677  2.1984084E-05
  1107.94202  0.0003872042  2.16057724E-05
  1113.06628  0.000383294362  2.1233971E-05
  1118.21436  0.000379423582  2.08685633E-05
  1123.38611  0.000375574775  2.05095148E-05
  1128.58179  0.000371763599  2.0156649E-05
  1133.80151  0.000367990753  1.98098533E-05
  1139.04553  0.000364245556  1.9469031E-05
  1144.3136  0.000360526639  1.91340914E-05
  1149.60608  0.000356845238  1.88049125E-05
  1154.9231  0.000353201001  1.84813962E-05
  1160.26477  0.000349572423  1.81633477E-05
  1165.63098  0.000345980545  1.78507926E-05
  1171.02209  0.000342425075  1.75436144E-05
  1176.43823  0.00033889254  1.72417258E-05
  1181.87927  0.000335383404  1.69450432E-05
  1187.34558  0.000331910152  1.66534628E-05
  1192.83716  0.000328471506  1.6366901E-05
  1198.354  0.000325042434  1.60852851E-05
  1203.89648  0.000321648549  1.58085095E-05
  1209.4646  0.00031828956  1.55364851E-05
  1215.05847  0.000314948091  1.526915E-05
  1220.67822  0.000311627577  1.50064079E-05
  1226.32385  0.000308341521  1.47481878E-05
  1231.99573  0.000305086753  1.4494507E-05
  1237.69385  0.000301833468  1.42462859E-05
  1243.41821  0.000298614235  1.40023185E-05
  1249.16907  0.000295428676  1.37625284E-05
  1254.94666  0.00029225371  1.35276068E-05
  1260.75073  0.000289097341  1.32972018E-05
  1266.58179  0.000285974267  1.30707194E-05
  1272.43982  0.000282878638  1.28482534E-05
  1278.32495  0.000279777218  1.26307887E-05
  1284.2373  0.000276708859  1.24170037E-05
  1290.177  0.000273673271  1.22068377E-05
  1296.14404  0.00027063844  1.20002051E-05
  1302.13892  0.000267618947  1.17970512E-05
  1308.16138  0.000264632137  1.15973389E-05
  1314.21167  0.000261667476  1.14010099E-05
  1320.29004  0.00025868541  1.12080097E-05
  1326.39636  0.000255736115  1.10182782E-05
  1332.53113  0.000252819067  1.0831749E-05
  1338.69409  0.000249884295  1.06483785E-05
  1344.88562  0.000246960029  1.04681076E-05
  1351.10583  0.000244068404  1.0290888E-05
  1357.35474  0.00024119002  1.01166734E-05
  1363.63257  0.000238274835  9.94541733E-06
  1369.93958  0.000235392799  9.77705986E-06
  1376.27551  0.000232543709  9.61155547E-06
  1382.64099  0.000229645069  9.44886597E-06
  1389.03564  0.000226751334  9.2889386E-06
  1395.46008  0.000223891228  9.13170879E-06
  1401.91418  0.000221026625  8.97715199E-06
  1408.39819  0.00021808887  8.82522454E-06
  1414.91199  0.000215186548  8.67587187E-06
  1421.45618  0.000212319006  8.52904213E-06
  1428.0304  0.000209330858  8.38466804E-06
  1434.63513  0.000206337005  8.24272684E-06
  1441.27051  0.000203380492  8.10318761E-06
  1447.9364  0.000200372146  7.96575569E-06
  1454.63318  0.000197202855  7.83008545E-06
  1461.36096  0.000194074746  7.69671897E-06
  1468.11987  0.000190987586  7.56562986E-06
  1474.90991  0.000187554368  7.43573582E-06
  1481.73157  0.000184088974  7.30785951E-06
  1488.58459  0.000180671501  7.18218371E-06
  1495.46948  0.000176985166  7.05693856E-06
  1502.38611  0.000172775763  6.93075526E-06
  1509.33472  0.000168628772  6.80682842E-06
  1516.31543  0.000164543395  6.68511893E-06
  1523.32849  0.000158318784  6.56502516E-06
  1530.37402  0.000151883374  6.44700913E-06
  1537.45215  0.00014555236  6.33111085E-06
  1544.56287  0.000123921374  6.21730032E-06
  1551.70654  7.9575635E-05  6.10553479E-06
  1558.88342  3.60341728E-05  5.99577561E-06
  1566.09326  0.00011301411  7.01537938E-05
  1573.33655  0.000127764913  6.90734159E-05
  1580.61328  0.000135823851  6.80096637E-05
  1587.92383  0.000143723883  6.69622605E-05
  1595.26807  0.000149048021  6.59310681E-05
  1602.64624  0.000151248372  6.49158173E-05
  1610.05859  0.00015339606  6.39161299E-05
  1617.50525  0.000155491172  6.29318893E-05
  1624.98633  0.000156349153  6.19629573E-05
  1632.50195  0.000157136776  6.10089592E-05
  1640.05237  0.000157896735  6.0069633E-05
  1647.6377  0.000158356517  5.91447206E-05
  1655.25818  0.000158512456  5.82339962E-05
  1662.9137  0.000158652198  5.73373109E-05
  1670.60486  0.000158772062  5.64544134E-05
  1678.33154  0.000158565133  5.55851548E-05
  1686.09387  0.000158348616  5.47292802E-05
  1693.89233  0.000158122813  5.38865352E-05
  1701.72656  0.000157783274  5.30568032E-05
  1709.59717  0.000157346716  5.22398186E-05
  1717.50415  0.000156904847  5.14354178E-05
  1725.44763  0.000156449896  5.06424039E-05
  1733.42798  0.000155860529  4.98452428E-05
  1741.44519  0.000155268775  4.9060629E-05
  1749.49951  0.000154674766  4.82883697E-05
  1757.59106  0.000154011039  4.75249071E-05
  1765.71997  0.000153298097  4.67711398E-05
  1773.88647  0.000152585271  4.6029334E-05
  1782.09094  0.000151863947  4.52988133E-05
  1790.33313  0.000151068423  4.45763071E-05
  1798.61353  0.000150274718  4.38653115E-05
  1806.93225  0.000149482818  4.31656626E-05
  1815.28955  0.000148650361  4.24771279E-05
  1823.6853  0.000147795581  4.17995689E-05
  1832.12  0.000146943959  4.11328147E-05
  1840.59375  0.000146087681  4.04766724E-05
  1849.10645  0.000145190657  3.98310949E-05
  1857.65881  0.000144297839  3.9195751E-05
  1866.25037  0.000143409168  3.85705753E-05
  1874.88196  0.00014249605  3.79553021E-05
  1883.55347  0.000141573837  3.73498151E-05
  1892.26489  0.000140656586  3.67539978E-05
  1901.01685  0.000139737356  3.61677012E-05
  1909.80908  0.000138795207  3.55908487E-05
  1918.64221  0.000137858573  3.50231967E-05
  1927.51599  0.000136927425  3.44645996E-05
  1936.43091  0.000135981158  3.39149447E-05
  1945.38708  0.000135032722  3.33740281E-05
  1954.38464  0.000134090224  3.284177E-05
  1963.42371  0.000133147623  3.2317992E-05
  1972.50464  0.000132192174  3.18025304E-05
  1981.62769  0.000131243025  3.12952907E-05
  1990.79285  0.000130300177  3.07961418E-05
  2000.00037  0.000129351218  3.03092747E-05